n_nodes:39
n_vehicles:20
n_calls:80
Cargo:[{17,37,6274,840958,133,205,133,772}{33,36,18333,588325,806,878,806,1262}{17,27,8995,362577,673,745,673,1098}{6,1,15071,374678,99,171,99,560}{38,33,9059,487120,534,606,534,1074}{10,38,19280,841195,1388,1460,1388,1925}{26,6,7242,312772,1024,1096,1024,1433}{14,35,16093,718276,38,110,38,752}{31,36,7190,511719,264,336,264,745}{9,18,3968,438382,1192,1264,1192,1683}{7,5,12751,356267,148,220,148,577}{25,18,6279,499585,554,626,554,1097}{39,17,18717,790139,218,290,218,906}{2,34,6117,668268,1482,1554,1482,1965}{17,15,12534,361145,0,72,0,489}{15,8,14914,268060,982,1054,982,1418}{11,36,4544,337291,716,788,716,1184}{11,35,11633,549439,117,189,117,734}{31,35,16530,668424,561,633,561,1179}{29,18,15783,641098,460,532,460,1052}{17,35,11035,982587,84,156,84,766}{33,27,13445,796766,70,142,70,933}{16,14,7155,386761,133,205,133,505}{4,36,17123,498858,1058,1130,1058,1502}{17,3,14245,548332,51,123,51,510}{17,38,13706,863702,399,471,399,1059}{10,36,11695,382873,770,842,770,1249}{22,20,11160,625915,675,747,675,1164}{11,34,9875,392772,262,334,262,696}{18,25,8430,803843,0,72,0,534}{1,37,16749,881689,637,709,637,1279}{22,36,11411,900873,0,72,0,743}{10,35,15457,535529,1111,1183,1111,1595}{17,21,7242,515394,247,319,247,1074}{4,32,5519,669556,289,361,289,837}{17,39,2218,616329,864,936,864,1626}{17,35,2353,856793,493,565,493,1255}{12,1,18019,451579,134,206,134,610}{38,3,12663,653295,52,124,52,694}{4,39,5539,365616,129,201,129,567}{8,16,3442,458212,76,148,76,525}{30,27,7234,862004,488,560,488,970}{2,38,17738,744193,242,314,242,867}{10,37,3441,436393,396,468,396,909}{11,36,10259,377280,326,398,326,790}{23,6,5623,589532,451,523,451,1316}{35,20,16831,553631,1063,1135,1063,1622}{29,36,9203,482419,706,778,706,1206}{10,36,11341,562107,441,513,441,867}{17,34,3227,675537,1150,1222,1150,1902}{16,36,4254,518452,163,235,163,1020}{35,3,17332,896159,1234,1306,1234,1842}{19,25,2917,435772,0,72,0,762}{7,37,12944,693643,0,72,0,587}{14,9,9163,584506,418,490,418,851}{36,10,4825,314388,1309,1381,1309,1783}{21,9,19099,728328,201,273,201,743}{33,34,9318,429525,801,873,801,1251}{6,10,7550,375294,369,441,369,953}{11,36,12328,607591,7,79,7,528}{2,16,2438,433355,266,338,266,990}{25,33,9703,493497,271,343,271,1008}{33,37,3410,646834,140,212,140,606}{10,37,14709,516509,157,229,157,685}{34,30,7953,554071,506,578,506,1118}{17,38,15038,818240,0,72,0,674}{31,23,4613,485585,508,580,508,1397}{17,29,2228,811842,170,242,170,925}{29,39,3494,454663,594,666,594,1106}{1,29,3259,700052,31,103,31,612}{31,39,16320,507056,279,351,279,762}{4,18,9054,695061,738,810,738,1319}{4,9,3564,816148,1009,1081,1009,1759}{30,27,10470,594596,357,429,357,836}{6,37,16853,793721,723,795,723,1375}{31,37,18933,837513,266,338,266,826}{10,35,10085,552844,770,842,770,1291}{10,36,19066,398193,454,526,454,957}{2,39,3765,569459,481,553,481,1056}{23,9,11259,421362,856,928,856,1295}]
TravelTime:[{(0, 66, 18, 125, 62, 22, 20, 7, 49, 108, 102, 59, 54, 22, 26, 20, 30, 63, 26, 89, 90, 19, 18, 19, 91, 25, 35, 41, 135, 65, 74, 7, 105, 168, 204, 165, 220, 215, 166)(66, 0, 51, 76, 47, 50, 47, 69, 111, 59, 53, 13, 17, 45, 61, 48, 92, 114, 78, 40, 42, 81, 79, 81, 42, 47, 96, 29, 86, 3, 25, 61, 57, 119, 155, 116, 171, 166, 118)(18, 51, 0, 110, 47, 7, 5, 21, 62, 94, 88, 44, 40, 7, 19, 5, 44, 68, 31, 74, 76, 33, 31, 33, 77, 11, 48, 27, 120, 51, 59, 13, 91, 153, 189, 151, 206, 200, 152)(125, 76, 110, 0, 104, 109, 106, 127, 169, 17, 24, 82, 83, 103, 120, 107, 151, 172, 136, 37, 36, 140, 138, 140, 34, 105, 155, 87, 65, 73, 53, 120, 21, 44, 81, 41, 97, 92, 43)(62, 47, 47, 104, 0, 46, 43, 65, 106, 88, 82, 40, 36, 41, 51, 44, 88, 75, 50, 68, 70, 77, 75, 77, 71, 43, 92, 21, 114, 46, 53, 57, 85, 147, 183, 145, 200, 194, 146)(22, 50, 7, 109, 46, 0, 3, 25, 66, 93, 87, 43, 39, 6, 21, 2, 48, 72, 35, 73, 75, 37, 35, 37, 76, 11, 52, 26, 119, 50, 58, 17, 90, 152, 188, 150, 205, 199, 151)(20, 47, 5, 106, 43, 3, 0, 23, 64, 89, 83, 40, 35, 3, 18, 1, 46, 70, 33, 70, 72, 35, 33, 35, 72, 7, 50, 22, 116, 46, 55, 15, 87, 149, 185, 146, 201, 196, 148)(7, 69, 21, 127, 65, 25, 23, 0, 47, 111, 105, 61, 57, 25, 28, 23, 29, 64, 27, 91, 93, 18, 16, 18, 94, 28, 33, 44, 137, 68, 76, 10, 108, 171, 206, 168, 223, 218, 169)(49, 111, 62, 169, 106, 66, 64, 47, 0, 153, 147, 103, 99, 67, 70, 64, 27, 98, 61, 133, 135, 36, 35, 36, 136, 69, 20, 86, 179, 110, 118, 52, 150, 212, 248, 210, 265, 259, 211)(108, 59, 94, 17, 88, 93, 89, 111, 153, 0, 8, 66, 66, 87, 103, 91, 134, 155, 120, 21, 20, 123, 122, 123, 17, 89, 138, 70, 48, 56, 36, 104, 5, 60, 96, 57, 113, 107, 59)(102, 53, 88, 24, 82, 87, 83, 105, 147, 8, 0, 60, 60, 81, 97, 85, 128, 149, 114, 15, 14, 117, 116, 117, 11, 83, 133, 64, 48, 51, 31, 98, 4, 68, 104, 65, 120, 115, 66)(59, 13, 44, 82, 40, 43, 40, 61, 103, 66, 60, 0, 6, 37, 54, 41, 85, 106, 70, 47, 48, 74, 72, 74, 49, 40, 89, 22, 93, 14, 32, 54, 63, 126, 162, 123, 178, 173, 124)(54, 17, 40, 83, 36, 39, 35, 57, 99, 66, 60, 6, 0, 33, 49, 37, 80, 102, 66, 47, 48, 69, 68, 69, 49, 35, 85, 17, 93, 17, 32, 50, 63, 126, 162, 123, 178, 173, 124)(22, 45, 7, 103, 41, 6, 3, 25, 67, 87, 81, 37, 33, 0, 19, 4, 48, 71, 35, 67, 69, 37, 36, 37, 70, 6, 52, 20, 113, 44, 52, 18, 84, 146, 182, 144, 199, 194, 145)(26, 61, 19, 120, 51, 21, 18, 28, 70, 103, 97, 54, 49, 19, 0, 19, 52, 59, 25, 84, 86, 41, 39, 41, 86, 19, 56, 36, 130, 60, 69, 22, 101, 163, 199, 160, 215, 210, 161)(20, 48, 5, 107, 44, 2, 1, 23, 64, 91, 85, 41, 37, 4, 19, 0, 46, 70, 33, 71, 73, 35, 33, 35, 74, 9, 50, 24, 117, 47, 56, 15, 88, 150, 186, 148, 203, 197, 149)(30, 92, 44, 151, 88, 48, 46, 29, 27, 134, 128, 85, 80, 48, 52, 46, 0, 80, 43, 115, 116, 19, 17, 19, 117, 51, 8, 67, 161, 91, 100, 33, 131, 194, 230, 191, 246, 241, 192)(63, 114, 68, 172, 75, 72, 70, 64, 98, 155, 149, 106, 102, 71, 59, 70, 80, 0, 38, 136, 138, 69, 67, 69, 138, 72, 84, 89, 180, 113, 121, 62, 153, 215, 251, 212, 267, 262, 214)(26, 78, 31, 136, 50, 35, 33, 27, 61, 120, 114, 70, 66, 35, 25, 33, 43, 38, 0, 100, 102, 32, 30, 32, 103, 36, 47, 53, 146, 77, 85, 25, 117, 180, 215, 177, 232, 227, 178)(89, 40, 74, 37, 68, 73, 70, 91, 133, 21, 15, 47, 47, 67, 84, 71, 115, 136, 100, 0, 3, 104, 102, 104, 4, 70, 119, 51, 49, 37, 17, 84, 18, 81, 117, 78, 133, 128, 79)(90, 42, 76, 36, 70, 75, 72, 93, 135, 20, 14, 48, 48, 69, 86, 73, 116, 138, 102, 3, 0, 106, 104, 106, 2, 71, 121, 53, 49, 39, 19, 86, 17, 79, 115, 77, 132, 127, 78)(19, 81, 33, 140, 77, 37, 35, 18, 36, 123, 117, 74, 69, 37, 41, 35, 19, 69, 32, 104, 106, 0, 2, 0, 106, 40, 23, 56, 150, 80, 89, 22, 121, 183, 219, 180, 235, 230, 182)(18, 79, 31, 138, 75, 35, 33, 16, 35, 122, 116, 72, 68, 36, 39, 33, 17, 67, 30, 102, 104, 2, 0, 2, 105, 38, 21, 55, 148, 78, 87, 21, 119, 181, 217, 179, 234, 228, 180)(19, 81, 33, 140, 77, 37, 35, 18, 36, 123, 117, 74, 69, 37, 41, 35, 19, 69, 32, 104, 106, 0, 2, 0, 106, 40, 23, 56, 150, 80, 89, 22, 121, 183, 219, 180, 235, 230, 182)(91, 42, 77, 34, 71, 76, 72, 94, 136, 17, 11, 49, 49, 70, 86, 74, 117, 138, 103, 4, 2, 106, 105, 106, 0, 72, 122, 54, 47, 40, 20, 87, 15, 77, 113, 74, 130, 124, 76)(25, 47, 11, 105, 43, 11, 7, 28, 69, 89, 83, 40, 35, 6, 19, 9, 51, 72, 36, 70, 71, 40, 38, 40, 72, 0, 55, 22, 116, 46, 55, 20, 86, 149, 185, 146, 201, 196, 147)(35, 96, 48, 155, 92, 52, 50, 33, 20, 138, 133, 89, 85, 52, 56, 50, 8, 84, 47, 119, 121, 23, 21, 23, 122, 55, 0, 72, 165, 95, 104, 37, 136, 198, 234, 195, 251, 245, 197)(41, 29, 27, 87, 21, 26, 22, 44, 86, 70, 64, 22, 17, 20, 36, 24, 67, 89, 53, 51, 53, 56, 55, 56, 54, 22, 72, 0, 97, 28, 36, 37, 68, 130, 166, 127, 183, 177, 129)(135, 86, 120, 65, 114, 119, 116, 137, 179, 48, 48, 93, 93, 113, 130, 117, 161, 180, 146, 49, 49, 150, 148, 150, 47, 116, 165, 97, 0, 83, 64, 130, 47, 108, 144, 105, 161, 155, 107)(65, 3, 51, 73, 46, 50, 46, 68, 110, 56, 51, 14, 17, 44, 60, 47, 91, 113, 77, 37, 39, 80, 78, 80, 40, 46, 95, 28, 83, 0, 22, 61, 54, 116, 152, 113, 169, 163, 115)(74, 25, 59, 53, 53, 58, 55, 76, 118, 36, 31, 32, 32, 52, 69, 56, 100, 121, 85, 17, 19, 89, 87, 89, 20, 55, 104, 36, 64, 22, 0, 69, 34, 96, 132, 93, 149, 143, 95)(7, 61, 13, 120, 57, 17, 15, 10, 52, 104, 98, 54, 50, 18, 22, 15, 33, 62, 25, 84, 86, 22, 21, 22, 87, 20, 37, 37, 130, 61, 69, 0, 101, 163, 199, 161, 216, 210, 162)(105, 57, 91, 21, 85, 90, 87, 108, 150, 5, 4, 63, 63, 84, 101, 88, 131, 153, 117, 18, 17, 121, 119, 121, 15, 86, 136, 68, 47, 54, 34, 101, 0, 65, 100, 62, 117, 112, 63)(168, 119, 153, 44, 147, 152, 149, 171, 212, 60, 68, 126, 126, 146, 163, 150, 194, 215, 180, 81, 79, 183, 181, 183, 77, 149, 198, 130, 108, 116, 96, 163, 65, 0, 56, 4, 72, 67, 3)(204, 155, 189, 81, 183, 188, 185, 206, 248, 96, 104, 162, 162, 182, 199, 186, 230, 251, 215, 117, 115, 219, 217, 219, 113, 185, 234, 166, 144, 152, 132, 199, 100, 56, 0, 59, 45, 40, 59)(165, 116, 151, 41, 145, 150, 146, 168, 210, 57, 65, 123, 123, 144, 160, 148, 191, 212, 177, 78, 77, 180, 179, 180, 74, 146, 195, 127, 105, 113, 93, 161, 62, 4, 59, 0, 75, 70, 2)(220, 171, 206, 97, 200, 205, 201, 223, 265, 113, 120, 178, 178, 199, 215, 203, 246, 267, 232, 133, 132, 235, 234, 235, 130, 201, 251, 183, 161, 169, 149, 216, 117, 72, 45, 75, 0, 6, 75)(215, 166, 200, 92, 194, 199, 196, 218, 259, 107, 115, 173, 173, 194, 210, 197, 241, 262, 227, 128, 127, 230, 228, 230, 124, 196, 245, 177, 155, 163, 143, 210, 112, 67, 40, 70, 6, 0, 70)(166, 118, 152, 43, 146, 151, 148, 169, 211, 59, 66, 124, 124, 145, 161, 149, 192, 214, 178, 79, 78, 182, 180, 182, 76, 147, 197, 129, 107, 115, 95, 162, 63, 3, 59, 2, 75, 70, 0)}{(0, 66, 18, 125, 62, 22, 20, 7, 49, 108, 102, 59, 54, 22, 26, 20, 30, 63, 26, 89, 90, 19, 18, 19, 91, 25, 35, 41, 135, 65, 74, 7, 105, 168, 204, 165, 220, 215, 166)(66, 0, 51, 76, 47, 50, 47, 69, 111, 59, 53, 13, 17, 45, 61, 48, 92, 114, 78, 40, 42, 81, 79, 81, 42, 47, 96, 29, 86, 3, 25, 61, 57, 119, 155, 116, 171, 166, 118)(18, 51, 0, 110, 47, 7, 5, 21, 62, 94, 88, 44, 40, 7, 19, 5, 44, 68, 31, 74, 76, 33, 31, 33, 77, 11, 48, 27, 120, 51, 59, 13, 91, 153, 189, 151, 206, 200, 152)(125, 76, 110, 0, 104, 109, 106, 127, 169, 17, 24, 82, 83, 103, 120, 107, 151, 172, 136, 37, 36, 140, 138, 140, 34, 105, 155, 87, 65, 73, 53, 120, 21, 44, 81, 41, 97, 92, 43)(62, 47, 47, 104, 0, 46, 43, 65, 106, 88, 82, 40, 36, 41, 51, 44, 88, 75, 50, 68, 70, 77, 75, 77, 71, 43, 92, 21, 114, 46, 53, 57, 85, 147, 183, 145, 200, 194, 146)(22, 50, 7, 109, 46, 0, 3, 25, 66, 93, 87, 43, 39, 6, 21, 2, 48, 72, 35, 73, 75, 37, 35, 37, 76, 11, 52, 26, 119, 50, 58, 17, 90, 152, 188, 150, 205, 199, 151)(20, 47, 5, 106, 43, 3, 0, 23, 64, 89, 83, 40, 35, 3, 18, 1, 46, 70, 33, 70, 72, 35, 33, 35, 72, 7, 50, 22, 116, 46, 55, 15, 87, 149, 185, 146, 201, 196, 148)(7, 69, 21, 127, 65, 25, 23, 0, 47, 111, 105, 61, 57, 25, 28, 23, 29, 64, 27, 91, 93, 18, 16, 18, 94, 28, 33, 44, 137, 68, 76, 10, 108, 171, 206, 168, 223, 218, 169)(49, 111, 62, 169, 106, 66, 64, 47, 0, 153, 147, 103, 99, 67, 70, 64, 27, 98, 61, 133, 135, 36, 35, 36, 136, 69, 20, 86, 179, 110, 118, 52, 150, 212, 248, 210, 265, 259, 211)(108, 59, 94, 17, 88, 93, 89, 111, 153, 0, 8, 66, 66, 87, 103, 91, 134, 155, 120, 21, 20, 123, 122, 123, 17, 89, 138, 70, 48, 56, 36, 104, 5, 60, 96, 57, 113, 107, 59)(102, 53, 88, 24, 82, 87, 83, 105, 147, 8, 0, 60, 60, 81, 97, 85, 128, 149, 114, 15, 14, 117, 116, 117, 11, 83, 133, 64, 48, 51, 31, 98, 4, 68, 104, 65, 120, 115, 66)(59, 13, 44, 82, 40, 43, 40, 61, 103, 66, 60, 0, 6, 37, 54, 41, 85, 106, 70, 47, 48, 74, 72, 74, 49, 40, 89, 22, 93, 14, 32, 54, 63, 126, 162, 123, 178, 173, 124)(54, 17, 40, 83, 36, 39, 35, 57, 99, 66, 60, 6, 0, 33, 49, 37, 80, 102, 66, 47, 48, 69, 68, 69, 49, 35, 85, 17, 93, 17, 32, 50, 63, 126, 162, 123, 178, 173, 124)(22, 45, 7, 103, 41, 6, 3, 25, 67, 87, 81, 37, 33, 0, 19, 4, 48, 71, 35, 67, 69, 37, 36, 37, 70, 6, 52, 20, 113, 44, 52, 18, 84, 146, 182, 144, 199, 194, 145)(26, 61, 19, 120, 51, 21, 18, 28, 70, 103, 97, 54, 49, 19, 0, 19, 52, 59, 25, 84, 86, 41, 39, 41, 86, 19, 56, 36, 130, 60, 69, 22, 101, 163, 199, 160, 215, 210, 161)(20, 48, 5, 107, 44, 2, 1, 23, 64, 91, 85, 41, 37, 4, 19, 0, 46, 70, 33, 71, 73, 35, 33, 35, 74, 9, 50, 24, 117, 47, 56, 15, 88, 150, 186, 148, 203, 197, 149)(30, 92, 44, 151, 88, 48, 46, 29, 27, 134, 128, 85, 80, 48, 52, 46, 0, 80, 43, 115, 116, 19, 17, 19, 117, 51, 8, 67, 161, 91, 100, 33, 131, 194, 230, 191, 246, 241, 192)(63, 114, 68, 172, 75, 72, 70, 64, 98, 155, 149, 106, 102, 71, 59, 70, 80, 0, 38, 136, 138, 69, 67, 69, 138, 72, 84, 89, 180, 113, 121, 62, 153, 215, 251, 212, 267, 262, 214)(26, 78, 31, 136, 50, 35, 33, 27, 61, 120, 114, 70, 66, 35, 25, 33, 43, 38, 0, 100, 102, 32, 30, 32, 103, 36, 47, 53, 146, 77, 85, 25, 117, 180, 215, 177, 232, 227, 178)(89, 40, 74, 37, 68, 73, 70, 91, 133, 21, 15, 47, 47, 67, 84, 71, 115, 136, 100, 0, 3, 104, 102, 104, 4, 70, 119, 51, 49, 37, 17, 84, 18, 81, 117, 78, 133, 128, 79)(90, 42, 76, 36, 70, 75, 72, 93, 135, 20, 14, 48, 48, 69, 86, 73, 116, 138, 102, 3, 0, 106, 104, 106, 2, 71, 121, 53, 49, 39, 19, 86, 17, 79, 115, 77, 132, 127, 78)(19, 81, 33, 140, 77, 37, 35, 18, 36, 123, 117, 74, 69, 37, 41, 35, 19, 69, 32, 104, 106, 0, 2, 0, 106, 40, 23, 56, 150, 80, 89, 22, 121, 183, 219, 180, 235, 230, 182)(18, 79, 31, 138, 75, 35, 33, 16, 35, 122, 116, 72, 68, 36, 39, 33, 17, 67, 30, 102, 104, 2, 0, 2, 105, 38, 21, 55, 148, 78, 87, 21, 119, 181, 217, 179, 234, 228, 180)(19, 81, 33, 140, 77, 37, 35, 18, 36, 123, 117, 74, 69, 37, 41, 35, 19, 69, 32, 104, 106, 0, 2, 0, 106, 40, 23, 56, 150, 80, 89, 22, 121, 183, 219, 180, 235, 230, 182)(91, 42, 77, 34, 71, 76, 72, 94, 136, 17, 11, 49, 49, 70, 86, 74, 117, 138, 103, 4, 2, 106, 105, 106, 0, 72, 122, 54, 47, 40, 20, 87, 15, 77, 113, 74, 130, 124, 76)(25, 47, 11, 105, 43, 11, 7, 28, 69, 89, 83, 40, 35, 6, 19, 9, 51, 72, 36, 70, 71, 40, 38, 40, 72, 0, 55, 22, 116, 46, 55, 20, 86, 149, 185, 146, 201, 196, 147)(35, 96, 48, 155, 92, 52, 50, 33, 20, 138, 133, 89, 85, 52, 56, 50, 8, 84, 47, 119, 121, 23, 21, 23, 122, 55, 0, 72, 165, 95, 104, 37, 136, 198, 234, 195, 251, 245, 197)(41, 29, 27, 87, 21, 26, 22, 44, 86, 70, 64, 22, 17, 20, 36, 24, 67, 89, 53, 51, 53, 56, 55, 56, 54, 22, 72, 0, 97, 28, 36, 37, 68, 130, 166, 127, 183, 177, 129)(135, 86, 120, 65, 114, 119, 116, 137, 179, 48, 48, 93, 93, 113, 130, 117, 161, 180, 146, 49, 49, 150, 148, 150, 47, 116, 165, 97, 0, 83, 64, 130, 47, 108, 144, 105, 161, 155, 107)(65, 3, 51, 73, 46, 50, 46, 68, 110, 56, 51, 14, 17, 44, 60, 47, 91, 113, 77, 37, 39, 80, 78, 80, 40, 46, 95, 28, 83, 0, 22, 61, 54, 116, 152, 113, 169, 163, 115)(74, 25, 59, 53, 53, 58, 55, 76, 118, 36, 31, 32, 32, 52, 69, 56, 100, 121, 85, 17, 19, 89, 87, 89, 20, 55, 104, 36, 64, 22, 0, 69, 34, 96, 132, 93, 149, 143, 95)(7, 61, 13, 120, 57, 17, 15, 10, 52, 104, 98, 54, 50, 18, 22, 15, 33, 62, 25, 84, 86, 22, 21, 22, 87, 20, 37, 37, 130, 61, 69, 0, 101, 163, 199, 161, 216, 210, 162)(105, 57, 91, 21, 85, 90, 87, 108, 150, 5, 4, 63, 63, 84, 101, 88, 131, 153, 117, 18, 17, 121, 119, 121, 15, 86, 136, 68, 47, 54, 34, 101, 0, 65, 100, 62, 117, 112, 63)(168, 119, 153, 44, 147, 152, 149, 171, 212, 60, 68, 126, 126, 146, 163, 150, 194, 215, 180, 81, 79, 183, 181, 183, 77, 149, 198, 130, 108, 116, 96, 163, 65, 0, 56, 4, 72, 67, 3)(204, 155, 189, 81, 183, 188, 185, 206, 248, 96, 104, 162, 162, 182, 199, 186, 230, 251, 215, 117, 115, 219, 217, 219, 113, 185, 234, 166, 144, 152, 132, 199, 100, 56, 0, 59, 45, 40, 59)(165, 116, 151, 41, 145, 150, 146, 168, 210, 57, 65, 123, 123, 144, 160, 148, 191, 212, 177, 78, 77, 180, 179, 180, 74, 146, 195, 127, 105, 113, 93, 161, 62, 4, 59, 0, 75, 70, 2)(220, 171, 206, 97, 200, 205, 201, 223, 265, 113, 120, 178, 178, 199, 215, 203, 246, 267, 232, 133, 132, 235, 234, 235, 130, 201, 251, 183, 161, 169, 149, 216, 117, 72, 45, 75, 0, 6, 75)(215, 166, 200, 92, 194, 199, 196, 218, 259, 107, 115, 173, 173, 194, 210, 197, 241, 262, 227, 128, 127, 230, 228, 230, 124, 196, 245, 177, 155, 163, 143, 210, 112, 67, 40, 70, 6, 0, 70)(166, 118, 152, 43, 146, 151, 148, 169, 211, 59, 66, 124, 124, 145, 161, 149, 192, 214, 178, 79, 78, 182, 180, 182, 76, 147, 197, 129, 107, 115, 95, 162, 63, 3, 59, 2, 75, 70, 0)}{(0, 66, 18, 125, 62, 22, 20, 7, 49, 108, 102, 59, 54, 22, 26, 20, 30, 63, 26, 89, 90, 19, 18, 19, 91, 25, 35, 41, 135, 65, 74, 7, 105, 168, 204, 165, 220, 215, 166)(66, 0, 51, 76, 47, 50, 47, 69, 111, 59, 53, 13, 17, 45, 61, 48, 92, 114, 78, 40, 42, 81, 79, 81, 42, 47, 96, 29, 86, 3, 25, 61, 57, 119, 155, 116, 171, 166, 118)(18, 51, 0, 110, 47, 7, 5, 21, 62, 94, 88, 44, 40, 7, 19, 5, 44, 68, 31, 74, 76, 33, 31, 33, 77, 11, 48, 27, 120, 51, 59, 13, 91, 153, 189, 151, 206, 200, 152)(125, 76, 110, 0, 104, 109, 106, 127, 169, 17, 24, 82, 83, 103, 120, 107, 151, 172, 136, 37, 36, 140, 138, 140, 34, 105, 155, 87, 65, 73, 53, 120, 21, 44, 81, 41, 97, 92, 43)(62, 47, 47, 104, 0, 46, 43, 65, 106, 88, 82, 40, 36, 41, 51, 44, 88, 75, 50, 68, 70, 77, 75, 77, 71, 43, 92, 21, 114, 46, 53, 57, 85, 147, 183, 145, 200, 194, 146)(22, 50, 7, 109, 46, 0, 3, 25, 66, 93, 87, 43, 39, 6, 21, 2, 48, 72, 35, 73, 75, 37, 35, 37, 76, 11, 52, 26, 119, 50, 58, 17, 90, 152, 188, 150, 205, 199, 151)(20, 47, 5, 106, 43, 3, 0, 23, 64, 89, 83, 40, 35, 3, 18, 1, 46, 70, 33, 70, 72, 35, 33, 35, 72, 7, 50, 22, 116, 46, 55, 15, 87, 149, 185, 146, 201, 196, 148)(7, 69, 21, 127, 65, 25, 23, 0, 47, 111, 105, 61, 57, 25, 28, 23, 29, 64, 27, 91, 93, 18, 16, 18, 94, 28, 33, 44, 137, 68, 76, 10, 108, 171, 206, 168, 223, 218, 169)(49, 111, 62, 169, 106, 66, 64, 47, 0, 153, 147, 103, 99, 67, 70, 64, 27, 98, 61, 133, 135, 36, 35, 36, 136, 69, 20, 86, 179, 110, 118, 52, 150, 212, 248, 210, 265, 259, 211)(108, 59, 94, 17, 88, 93, 89, 111, 153, 0, 8, 66, 66, 87, 103, 91, 134, 155, 120, 21, 20, 123, 122, 123, 17, 89, 138, 70, 48, 56, 36, 104, 5, 60, 96, 57, 113, 107, 59)(102, 53, 88, 24, 82, 87, 83, 105, 147, 8, 0, 60, 60, 81, 97, 85, 128, 149, 114, 15, 14, 117, 116, 117, 11, 83, 133, 64, 48, 51, 31, 98, 4, 68, 104, 65, 120, 115, 66)(59, 13, 44, 82, 40, 43, 40, 61, 103, 66, 60, 0, 6, 37, 54, 41, 85, 106, 70, 47, 48, 74, 72, 74, 49, 40, 89, 22, 93, 14, 32, 54, 63, 126, 162, 123, 178, 173, 124)(54, 17, 40, 83, 36, 39, 35, 57, 99, 66, 60, 6, 0, 33, 49, 37, 80, 102, 66, 47, 48, 69, 68, 69, 49, 35, 85, 17, 93, 17, 32, 50, 63, 126, 162, 123, 178, 173, 124)(22, 45, 7, 103, 41, 6, 3, 25, 67, 87, 81, 37, 33, 0, 19, 4, 48, 71, 35, 67, 69, 37, 36, 37, 70, 6, 52, 20, 113, 44, 52, 18, 84, 146, 182, 144, 199, 194, 145)(26, 61, 19, 120, 51, 21, 18, 28, 70, 103, 97, 54, 49, 19, 0, 19, 52, 59, 25, 84, 86, 41, 39, 41, 86, 19, 56, 36, 130, 60, 69, 22, 101, 163, 199, 160, 215, 210, 161)(20, 48, 5, 107, 44, 2, 1, 23, 64, 91, 85, 41, 37, 4, 19, 0, 46, 70, 33, 71, 73, 35, 33, 35, 74, 9, 50, 24, 117, 47, 56, 15, 88, 150, 186, 148, 203, 197, 149)(30, 92, 44, 151, 88, 48, 46, 29, 27, 134, 128, 85, 80, 48, 52, 46, 0, 80, 43, 115, 116, 19, 17, 19, 117, 51, 8, 67, 161, 91, 100, 33, 131, 194, 230, 191, 246, 241, 192)(63, 114, 68, 172, 75, 72, 70, 64, 98, 155, 149, 106, 102, 71, 59, 70, 80, 0, 38, 136, 138, 69, 67, 69, 138, 72, 84, 89, 180, 113, 121, 62, 153, 215, 251, 212, 267, 262, 214)(26, 78, 31, 136, 50, 35, 33, 27, 61, 120, 114, 70, 66, 35, 25, 33, 43, 38, 0, 100, 102, 32, 30, 32, 103, 36, 47, 53, 146, 77, 85, 25, 117, 180, 215, 177, 232, 227, 178)(89, 40, 74, 37, 68, 73, 70, 91, 133, 21, 15, 47, 47, 67, 84, 71, 115, 136, 100, 0, 3, 104, 102, 104, 4, 70, 119, 51, 49, 37, 17, 84, 18, 81, 117, 78, 133, 128, 79)(90, 42, 76, 36, 70, 75, 72, 93, 135, 20, 14, 48, 48, 69, 86, 73, 116, 138, 102, 3, 0, 106, 104, 106, 2, 71, 121, 53, 49, 39, 19, 86, 17, 79, 115, 77, 132, 127, 78)(19, 81, 33, 140, 77, 37, 35, 18, 36, 123, 117, 74, 69, 37, 41, 35, 19, 69, 32, 104, 106, 0, 2, 0, 106, 40, 23, 56, 150, 80, 89, 22, 121, 183, 219, 180, 235, 230, 182)(18, 79, 31, 138, 75, 35, 33, 16, 35, 122, 116, 72, 68, 36, 39, 33, 17, 67, 30, 102, 104, 2, 0, 2, 105, 38, 21, 55, 148, 78, 87, 21, 119, 181, 217, 179, 234, 228, 180)(19, 81, 33, 140, 77, 37, 35, 18, 36, 123, 117, 74, 69, 37, 41, 35, 19, 69, 32, 104, 106, 0, 2, 0, 106, 40, 23, 56, 150, 80, 89, 22, 121, 183, 219, 180, 235, 230, 182)(91, 42, 77, 34, 71, 76, 72, 94, 136, 17, 11, 49, 49, 70, 86, 74, 117, 138, 103, 4, 2, 106, 105, 106, 0, 72, 122, 54, 47, 40, 20, 87, 15, 77, 113, 74, 130, 124, 76)(25, 47, 11, 105, 43, 11, 7, 28, 69, 89, 83, 40, 35, 6, 19, 9, 51, 72, 36, 70, 71, 40, 38, 40, 72, 0, 55, 22, 116, 46, 55, 20, 86, 149, 185, 146, 201, 196, 147)(35, 96, 48, 155, 92, 52, 50, 33, 20, 138, 133, 89, 85, 52, 56, 50, 8, 84, 47, 119, 121, 23, 21, 23, 122, 55, 0, 72, 165, 95, 104, 37, 136, 198, 234, 195, 251, 245, 197)(41, 29, 27, 87, 21, 26, 22, 44, 86, 70, 64, 22, 17, 20, 36, 24, 67, 89, 53, 51, 53, 56, 55, 56, 54, 22, 72, 0, 97, 28, 36, 37, 68, 130, 166, 127, 183, 177, 129)(135, 86, 120, 65, 114, 119, 116, 137, 179, 48, 48, 93, 93, 113, 130, 117, 161, 180, 146, 49, 49, 150, 148, 150, 47, 116, 165, 97, 0, 83, 64, 130, 47, 108, 144, 105, 161, 155, 107)(65, 3, 51, 73, 46, 50, 46, 68, 110, 56, 51, 14, 17, 44, 60, 47, 91, 113, 77, 37, 39, 80, 78, 80, 40, 46, 95, 28, 83, 0, 22, 61, 54, 116, 152, 113, 169, 163, 115)(74, 25, 59, 53, 53, 58, 55, 76, 118, 36, 31, 32, 32, 52, 69, 56, 100, 121, 85, 17, 19, 89, 87, 89, 20, 55, 104, 36, 64, 22, 0, 69, 34, 96, 132, 93, 149, 143, 95)(7, 61, 13, 120, 57, 17, 15, 10, 52, 104, 98, 54, 50, 18, 22, 15, 33, 62, 25, 84, 86, 22, 21, 22, 87, 20, 37, 37, 130, 61, 69, 0, 101, 163, 199, 161, 216, 210, 162)(105, 57, 91, 21, 85, 90, 87, 108, 150, 5, 4, 63, 63, 84, 101, 88, 131, 153, 117, 18, 17, 121, 119, 121, 15, 86, 136, 68, 47, 54, 34, 101, 0, 65, 100, 62, 117, 112, 63)(168, 119, 153, 44, 147, 152, 149, 171, 212, 60, 68, 126, 126, 146, 163, 150, 194, 215, 180, 81, 79, 183, 181, 183, 77, 149, 198, 130, 108, 116, 96, 163, 65, 0, 56, 4, 72, 67, 3)(204, 155, 189, 81, 183, 188, 185, 206, 248, 96, 104, 162, 162, 182, 199, 186, 230, 251, 215, 117, 115, 219, 217, 219, 113, 185, 234, 166, 144, 152, 132, 199, 100, 56, 0, 59, 45, 40, 59)(165, 116, 151, 41, 145, 150, 146, 168, 210, 57, 65, 123, 123, 144, 160, 148, 191, 212, 177, 78, 77, 180, 179, 180, 74, 146, 195, 127, 105, 113, 93, 161, 62, 4, 59, 0, 75, 70, 2)(220, 171, 206, 97, 200, 205, 201, 223, 265, 113, 120, 178, 178, 199, 215, 203, 246, 267, 232, 133, 132, 235, 234, 235, 130, 201, 251, 183, 161, 169, 149, 216, 117, 72, 45, 75, 0, 6, 75)(215, 166, 200, 92, 194, 199, 196, 218, 259, 107, 115, 173, 173, 194, 210, 197, 241, 262, 227, 128, 127, 230, 228, 230, 124, 196, 245, 177, 155, 163, 143, 210, 112, 67, 40, 70, 6, 0, 70)(166, 118, 152, 43, 146, 151, 148, 169, 211, 59, 66, 124, 124, 145, 161, 149, 192, 214, 178, 79, 78, 182, 180, 182, 76, 147, 197, 129, 107, 115, 95, 162, 63, 3, 59, 2, 75, 70, 0)}{(0, 66, 18, 125, 62, 22, 20, 7, 49, 108, 102, 59, 54, 22, 26, 20, 30, 63, 26, 89, 90, 19, 18, 19, 91, 25, 35, 41, 135, 65, 74, 7, 105, 168, 204, 165, 220, 215, 166)(66, 0, 51, 76, 47, 50, 47, 69, 111, 59, 53, 13, 17, 45, 61, 48, 92, 114, 78, 40, 42, 81, 79, 81, 42, 47, 96, 29, 86, 3, 25, 61, 57, 119, 155, 116, 171, 166, 118)(18, 51, 0, 110, 47, 7, 5, 21, 62, 94, 88, 44, 40, 7, 19, 5, 44, 68, 31, 74, 76, 33, 31, 33, 77, 11, 48, 27, 120, 51, 59, 13, 91, 153, 189, 151, 206, 200, 152)(125, 76, 110, 0, 104, 109, 106, 127, 169, 17, 24, 82, 83, 103, 120, 107, 151, 172, 136, 37, 36, 140, 138, 140, 34, 105, 155, 87, 65, 73, 53, 120, 21, 44, 81, 41, 97, 92, 43)(62, 47, 47, 104, 0, 46, 43, 65, 106, 88, 82, 40, 36, 41, 51, 44, 88, 75, 50, 68, 70, 77, 75, 77, 71, 43, 92, 21, 114, 46, 53, 57, 85, 147, 183, 145, 200, 194, 146)(22, 50, 7, 109, 46, 0, 3, 25, 66, 93, 87, 43, 39, 6, 21, 2, 48, 72, 35, 73, 75, 37, 35, 37, 76, 11, 52, 26, 119, 50, 58, 17, 90, 152, 188, 150, 205, 199, 151)(20, 47, 5, 106, 43, 3, 0, 23, 64, 89, 83, 40, 35, 3, 18, 1, 46, 70, 33, 70, 72, 35, 33, 35, 72, 7, 50, 22, 116, 46, 55, 15, 87, 149, 185, 146, 201, 196, 148)(7, 69, 21, 127, 65, 25, 23, 0, 47, 111, 105, 61, 57, 25, 28, 23, 29, 64, 27, 91, 93, 18, 16, 18, 94, 28, 33, 44, 137, 68, 76, 10, 108, 171, 206, 168, 223, 218, 169)(49, 111, 62, 169, 106, 66, 64, 47, 0, 153, 147, 103, 99, 67, 70, 64, 27, 98, 61, 133, 135, 36, 35, 36, 136, 69, 20, 86, 179, 110, 118, 52, 150, 212, 248, 210, 265, 259, 211)(108, 59, 94, 17, 88, 93, 89, 111, 153, 0, 8, 66, 66, 87, 103, 91, 134, 155, 120, 21, 20, 123, 122, 123, 17, 89, 138, 70, 48, 56, 36, 104, 5, 60, 96, 57, 113, 107, 59)(102, 53, 88, 24, 82, 87, 83, 105, 147, 8, 0, 60, 60, 81, 97, 85, 128, 149, 114, 15, 14, 117, 116, 117, 11, 83, 133, 64, 48, 51, 31, 98, 4, 68, 104, 65, 120, 115, 66)(59, 13, 44, 82, 40, 43, 40, 61, 103, 66, 60, 0, 6, 37, 54, 41, 85, 106, 70, 47, 48, 74, 72, 74, 49, 40, 89, 22, 93, 14, 32, 54, 63, 126, 162, 123, 178, 173, 124)(54, 17, 40, 83, 36, 39, 35, 57, 99, 66, 60, 6, 0, 33, 49, 37, 80, 102, 66, 47, 48, 69, 68, 69, 49, 35, 85, 17, 93, 17, 32, 50, 63, 126, 162, 123, 178, 173, 124)(22, 45, 7, 103, 41, 6, 3, 25, 67, 87, 81, 37, 33, 0, 19, 4, 48, 71, 35, 67, 69, 37, 36, 37, 70, 6, 52, 20, 113, 44, 52, 18, 84, 146, 182, 144, 199, 194, 145)(26, 61, 19, 120, 51, 21, 18, 28, 70, 103, 97, 54, 49, 19, 0, 19, 52, 59, 25, 84, 86, 41, 39, 41, 86, 19, 56, 36, 130, 60, 69, 22, 101, 163, 199, 160, 215, 210, 161)(20, 48, 5, 107, 44, 2, 1, 23, 64, 91, 85, 41, 37, 4, 19, 0, 46, 70, 33, 71, 73, 35, 33, 35, 74, 9, 50, 24, 117, 47, 56, 15, 88, 150, 186, 148, 203, 197, 149)(30, 92, 44, 151, 88, 48, 46, 29, 27, 134, 128, 85, 80, 48, 52, 46, 0, 80, 43, 115, 116, 19, 17, 19, 117, 51, 8, 67, 161, 91, 100, 33, 131, 194, 230, 191, 246, 241, 192)(63, 114, 68, 172, 75, 72, 70, 64, 98, 155, 149, 106, 102, 71, 59, 70, 80, 0, 38, 136, 138, 69, 67, 69, 138, 72, 84, 89, 180, 113, 121, 62, 153, 215, 251, 212, 267, 262, 214)(26, 78, 31, 136, 50, 35, 33, 27, 61, 120, 114, 70, 66, 35, 25, 33, 43, 38, 0, 100, 102, 32, 30, 32, 103, 36, 47, 53, 146, 77, 85, 25, 117, 180, 215, 177, 232, 227, 178)(89, 40, 74, 37, 68, 73, 70, 91, 133, 21, 15, 47, 47, 67, 84, 71, 115, 136, 100, 0, 3, 104, 102, 104, 4, 70, 119, 51, 49, 37, 17, 84, 18, 81, 117, 78, 133, 128, 79)(90, 42, 76, 36, 70, 75, 72, 93, 135, 20, 14, 48, 48, 69, 86, 73, 116, 138, 102, 3, 0, 106, 104, 106, 2, 71, 121, 53, 49, 39, 19, 86, 17, 79, 115, 77, 132, 127, 78)(19, 81, 33, 140, 77, 37, 35, 18, 36, 123, 117, 74, 69, 37, 41, 35, 19, 69, 32, 104, 106, 0, 2, 0, 106, 40, 23, 56, 150, 80, 89, 22, 121, 183, 219, 180, 235, 230, 182)(18, 79, 31, 138, 75, 35, 33, 16, 35, 122, 116, 72, 68, 36, 39, 33, 17, 67, 30, 102, 104, 2, 0, 2, 105, 38, 21, 55, 148, 78, 87, 21, 119, 181, 217, 179, 234, 228, 180)(19, 81, 33, 140, 77, 37, 35, 18, 36, 123, 117, 74, 69, 37, 41, 35, 19, 69, 32, 104, 106, 0, 2, 0, 106, 40, 23, 56, 150, 80, 89, 22, 121, 183, 219, 180, 235, 230, 182)(91, 42, 77, 34, 71, 76, 72, 94, 136, 17, 11, 49, 49, 70, 86, 74, 117, 138, 103, 4, 2, 106, 105, 106, 0, 72, 122, 54, 47, 40, 20, 87, 15, 77, 113, 74, 130, 124, 76)(25, 47, 11, 105, 43, 11, 7, 28, 69, 89, 83, 40, 35, 6, 19, 9, 51, 72, 36, 70, 71, 40, 38, 40, 72, 0, 55, 22, 116, 46, 55, 20, 86, 149, 185, 146, 201, 196, 147)(35, 96, 48, 155, 92, 52, 50, 33, 20, 138, 133, 89, 85, 52, 56, 50, 8, 84, 47, 119, 121, 23, 21, 23, 122, 55, 0, 72, 165, 95, 104, 37, 136, 198, 234, 195, 251, 245, 197)(41, 29, 27, 87, 21, 26, 22, 44, 86, 70, 64, 22, 17, 20, 36, 24, 67, 89, 53, 51, 53, 56, 55, 56, 54, 22, 72, 0, 97, 28, 36, 37, 68, 130, 166, 127, 183, 177, 129)(135, 86, 120, 65, 114, 119, 116, 137, 179, 48, 48, 93, 93, 113, 130, 117, 161, 180, 146, 49, 49, 150, 148, 150, 47, 116, 165, 97, 0, 83, 64, 130, 47, 108, 144, 105, 161, 155, 107)(65, 3, 51, 73, 46, 50, 46, 68, 110, 56, 51, 14, 17, 44, 60, 47, 91, 113, 77, 37, 39, 80, 78, 80, 40, 46, 95, 28, 83, 0, 22, 61, 54, 116, 152, 113, 169, 163, 115)(74, 25, 59, 53, 53, 58, 55, 76, 118, 36, 31, 32, 32, 52, 69, 56, 100, 121, 85, 17, 19, 89, 87, 89, 20, 55, 104, 36, 64, 22, 0, 69, 34, 96, 132, 93, 149, 143, 95)(7, 61, 13, 120, 57, 17, 15, 10, 52, 104, 98, 54, 50, 18, 22, 15, 33, 62, 25, 84, 86, 22, 21, 22, 87, 20, 37, 37, 130, 61, 69, 0, 101, 163, 199, 161, 216, 210, 162)(105, 57, 91, 21, 85, 90, 87, 108, 150, 5, 4, 63, 63, 84, 101, 88, 131, 153, 117, 18, 17, 121, 119, 121, 15, 86, 136, 68, 47, 54, 34, 101, 0, 65, 100, 62, 117, 112, 63)(168, 119, 153, 44, 147, 152, 149, 171, 212, 60, 68, 126, 126, 146, 163, 150, 194, 215, 180, 81, 79, 183, 181, 183, 77, 149, 198, 130, 108, 116, 96, 163, 65, 0, 56, 4, 72, 67, 3)(204, 155, 189, 81, 183, 188, 185, 206, 248, 96, 104, 162, 162, 182, 199, 186, 230, 251, 215, 117, 115, 219, 217, 219, 113, 185, 234, 166, 144, 152, 132, 199, 100, 56, 0, 59, 45, 40, 59)(165, 116, 151, 41, 145, 150, 146, 168, 210, 57, 65, 123, 123, 144, 160, 148, 191, 212, 177, 78, 77, 180, 179, 180, 74, 146, 195, 127, 105, 113, 93, 161, 62, 4, 59, 0, 75, 70, 2)(220, 171, 206, 97, 200, 205, 201, 223, 265, 113, 120, 178, 178, 199, 215, 203, 246, 267, 232, 133, 132, 235, 234, 235, 130, 201, 251, 183, 161, 169, 149, 216, 117, 72, 45, 75, 0, 6, 75)(215, 166, 200, 92, 194, 199, 196, 218, 259, 107, 115, 173, 173, 194, 210, 197, 241, 262, 227, 128, 127, 230, 228, 230, 124, 196, 245, 177, 155, 163, 143, 210, 112, 67, 40, 70, 6, 0, 70)(166, 118, 152, 43, 146, 151, 148, 169, 211, 59, 66, 124, 124, 145, 161, 149, 192, 214, 178, 79, 78, 182, 180, 182, 76, 147, 197, 129, 107, 115, 95, 162, 63, 3, 59, 2, 75, 70, 0)}{(0, 66, 18, 125, 62, 22, 20, 7, 49, 108, 102, 59, 54, 22, 26, 20, 30, 63, 26, 89, 90, 19, 18, 19, 91, 25, 35, 41, 135, 65, 74, 7, 105, 168, 204, 165, 220, 215, 166)(66, 0, 51, 76, 47, 50, 47, 69, 111, 59, 53, 13, 17, 45, 61, 48, 92, 114, 78, 40, 42, 81, 79, 81, 42, 47, 96, 29, 86, 3, 25, 61, 57, 119, 155, 116, 171, 166, 118)(18, 51, 0, 110, 47, 7, 5, 21, 62, 94, 88, 44, 40, 7, 19, 5, 44, 68, 31, 74, 76, 33, 31, 33, 77, 11, 48, 27, 120, 51, 59, 13, 91, 153, 189, 151, 206, 200, 152)(125, 76, 110, 0, 104, 109, 106, 127, 169, 17, 24, 82, 83, 103, 120, 107, 151, 172, 136, 37, 36, 140, 138, 140, 34, 105, 155, 87, 65, 73, 53, 120, 21, 44, 81, 41, 97, 92, 43)(62, 47, 47, 104, 0, 46, 43, 65, 106, 88, 82, 40, 36, 41, 51, 44, 88, 75, 50, 68, 70, 77, 75, 77, 71, 43, 92, 21, 114, 46, 53, 57, 85, 147, 183, 145, 200, 194, 146)(22, 50, 7, 109, 46, 0, 3, 25, 66, 93, 87, 43, 39, 6, 21, 2, 48, 72, 35, 73, 75, 37, 35, 37, 76, 11, 52, 26, 119, 50, 58, 17, 90, 152, 188, 150, 205, 199, 151)(20, 47, 5, 106, 43, 3, 0, 23, 64, 89, 83, 40, 35, 3, 18, 1, 46, 70, 33, 70, 72, 35, 33, 35, 72, 7, 50, 22, 116, 46, 55, 15, 87, 149, 185, 146, 201, 196, 148)(7, 69, 21, 127, 65, 25, 23, 0, 47, 111, 105, 61, 57, 25, 28, 23, 29, 64, 27, 91, 93, 18, 16, 18, 94, 28, 33, 44, 137, 68, 76, 10, 108, 171, 206, 168, 223, 218, 169)(49, 111, 62, 169, 106, 66, 64, 47, 0, 153, 147, 103, 99, 67, 70, 64, 27, 98, 61, 133, 135, 36, 35, 36, 136, 69, 20, 86, 179, 110, 118, 52, 150, 212, 248, 210, 265, 259, 211)(108, 59, 94, 17, 88, 93, 89, 111, 153, 0, 8, 66, 66, 87, 103, 91, 134, 155, 120, 21, 20, 123, 122, 123, 17, 89, 138, 70, 48, 56, 36, 104, 5, 60, 96, 57, 113, 107, 59)(102, 53, 88, 24, 82, 87, 83, 105, 147, 8, 0, 60, 60, 81, 97, 85, 128, 149, 114, 15, 14, 117, 116, 117, 11, 83, 133, 64, 48, 51, 31, 98, 4, 68, 104, 65, 120, 115, 66)(59, 13, 44, 82, 40, 43, 40, 61, 103, 66, 60, 0, 6, 37, 54, 41, 85, 106, 70, 47, 48, 74, 72, 74, 49, 40, 89, 22, 93, 14, 32, 54, 63, 126, 162, 123, 178, 173, 124)(54, 17, 40, 83, 36, 39, 35, 57, 99, 66, 60, 6, 0, 33, 49, 37, 80, 102, 66, 47, 48, 69, 68, 69, 49, 35, 85, 17, 93, 17, 32, 50, 63, 126, 162, 123, 178, 173, 124)(22, 45, 7, 103, 41, 6, 3, 25, 67, 87, 81, 37, 33, 0, 19, 4, 48, 71, 35, 67, 69, 37, 36, 37, 70, 6, 52, 20, 113, 44, 52, 18, 84, 146, 182, 144, 199, 194, 145)(26, 61, 19, 120, 51, 21, 18, 28, 70, 103, 97, 54, 49, 19, 0, 19, 52, 59, 25, 84, 86, 41, 39, 41, 86, 19, 56, 36, 130, 60, 69, 22, 101, 163, 199, 160, 215, 210, 161)(20, 48, 5, 107, 44, 2, 1, 23, 64, 91, 85, 41, 37, 4, 19, 0, 46, 70, 33, 71, 73, 35, 33, 35, 74, 9, 50, 24, 117, 47, 56, 15, 88, 150, 186, 148, 203, 197, 149)(30, 92, 44, 151, 88, 48, 46, 29, 27, 134, 128, 85, 80, 48, 52, 46, 0, 80, 43, 115, 116, 19, 17, 19, 117, 51, 8, 67, 161, 91, 100, 33, 131, 194, 230, 191, 246, 241, 192)(63, 114, 68, 172, 75, 72, 70, 64, 98, 155, 149, 106, 102, 71, 59, 70, 80, 0, 38, 136, 138, 69, 67, 69, 138, 72, 84, 89, 180, 113, 121, 62, 153, 215, 251, 212, 267, 262, 214)(26, 78, 31, 136, 50, 35, 33, 27, 61, 120, 114, 70, 66, 35, 25, 33, 43, 38, 0, 100, 102, 32, 30, 32, 103, 36, 47, 53, 146, 77, 85, 25, 117, 180, 215, 177, 232, 227, 178)(89, 40, 74, 37, 68, 73, 70, 91, 133, 21, 15, 47, 47, 67, 84, 71, 115, 136, 100, 0, 3, 104, 102, 104, 4, 70, 119, 51, 49, 37, 17, 84, 18, 81, 117, 78, 133, 128, 79)(90, 42, 76, 36, 70, 75, 72, 93, 135, 20, 14, 48, 48, 69, 86, 73, 116, 138, 102, 3, 0, 106, 104, 106, 2, 71, 121, 53, 49, 39, 19, 86, 17, 79, 115, 77, 132, 127, 78)(19, 81, 33, 140, 77, 37, 35, 18, 36, 123, 117, 74, 69, 37, 41, 35, 19, 69, 32, 104, 106, 0, 2, 0, 106, 40, 23, 56, 150, 80, 89, 22, 121, 183, 219, 180, 235, 230, 182)(18, 79, 31, 138, 75, 35, 33, 16, 35, 122, 116, 72, 68, 36, 39, 33, 17, 67, 30, 102, 104, 2, 0, 2, 105, 38, 21, 55, 148, 78, 87, 21, 119, 181, 217, 179, 234, 228, 180)(19, 81, 33, 140, 77, 37, 35, 18, 36, 123, 117, 74, 69, 37, 41, 35, 19, 69, 32, 104, 106, 0, 2, 0, 106, 40, 23, 56, 150, 80, 89, 22, 121, 183, 219, 180, 235, 230, 182)(91, 42, 77, 34, 71, 76, 72, 94, 136, 17, 11, 49, 49, 70, 86, 74, 117, 138, 103, 4, 2, 106, 105, 106, 0, 72, 122, 54, 47, 40, 20, 87, 15, 77, 113, 74, 130, 124, 76)(25, 47, 11, 105, 43, 11, 7, 28, 69, 89, 83, 40, 35, 6, 19, 9, 51, 72, 36, 70, 71, 40, 38, 40, 72, 0, 55, 22, 116, 46, 55, 20, 86, 149, 185, 146, 201, 196, 147)(35, 96, 48, 155, 92, 52, 50, 33, 20, 138, 133, 89, 85, 52, 56, 50, 8, 84, 47, 119, 121, 23, 21, 23, 122, 55, 0, 72, 165, 95, 104, 37, 136, 198, 234, 195, 251, 245, 197)(41, 29, 27, 87, 21, 26, 22, 44, 86, 70, 64, 22, 17, 20, 36, 24, 67, 89, 53, 51, 53, 56, 55, 56, 54, 22, 72, 0, 97, 28, 36, 37, 68, 130, 166, 127, 183, 177, 129)(135, 86, 120, 65, 114, 119, 116, 137, 179, 48, 48, 93, 93, 113, 130, 117, 161, 180, 146, 49, 49, 150, 148, 150, 47, 116, 165, 97, 0, 83, 64, 130, 47, 108, 144, 105, 161, 155, 107)(65, 3, 51, 73, 46, 50, 46, 68, 110, 56, 51, 14, 17, 44, 60, 47, 91, 113, 77, 37, 39, 80, 78, 80, 40, 46, 95, 28, 83, 0, 22, 61, 54, 116, 152, 113, 169, 163, 115)(74, 25, 59, 53, 53, 58, 55, 76, 118, 36, 31, 32, 32, 52, 69, 56, 100, 121, 85, 17, 19, 89, 87, 89, 20, 55, 104, 36, 64, 22, 0, 69, 34, 96, 132, 93, 149, 143, 95)(7, 61, 13, 120, 57, 17, 15, 10, 52, 104, 98, 54, 50, 18, 22, 15, 33, 62, 25, 84, 86, 22, 21, 22, 87, 20, 37, 37, 130, 61, 69, 0, 101, 163, 199, 161, 216, 210, 162)(105, 57, 91, 21, 85, 90, 87, 108, 150, 5, 4, 63, 63, 84, 101, 88, 131, 153, 117, 18, 17, 121, 119, 121, 15, 86, 136, 68, 47, 54, 34, 101, 0, 65, 100, 62, 117, 112, 63)(168, 119, 153, 44, 147, 152, 149, 171, 212, 60, 68, 126, 126, 146, 163, 150, 194, 215, 180, 81, 79, 183, 181, 183, 77, 149, 198, 130, 108, 116, 96, 163, 65, 0, 56, 4, 72, 67, 3)(204, 155, 189, 81, 183, 188, 185, 206, 248, 96, 104, 162, 162, 182, 199, 186, 230, 251, 215, 117, 115, 219, 217, 219, 113, 185, 234, 166, 144, 152, 132, 199, 100, 56, 0, 59, 45, 40, 59)(165, 116, 151, 41, 145, 150, 146, 168, 210, 57, 65, 123, 123, 144, 160, 148, 191, 212, 177, 78, 77, 180, 179, 180, 74, 146, 195, 127, 105, 113, 93, 161, 62, 4, 59, 0, 75, 70, 2)(220, 171, 206, 97, 200, 205, 201, 223, 265, 113, 120, 178, 178, 199, 215, 203, 246, 267, 232, 133, 132, 235, 234, 235, 130, 201, 251, 183, 161, 169, 149, 216, 117, 72, 45, 75, 0, 6, 75)(215, 166, 200, 92, 194, 199, 196, 218, 259, 107, 115, 173, 173, 194, 210, 197, 241, 262, 227, 128, 127, 230, 228, 230, 124, 196, 245, 177, 155, 163, 143, 210, 112, 67, 40, 70, 6, 0, 70)(166, 118, 152, 43, 146, 151, 148, 169, 211, 59, 66, 124, 124, 145, 161, 149, 192, 214, 178, 79, 78, 182, 180, 182, 76, 147, 197, 129, 107, 115, 95, 162, 63, 3, 59, 2, 75, 70, 0)}{(0, 66, 18, 125, 62, 22, 20, 7, 49, 108, 102, 59, 54, 22, 26, 20, 30, 63, 26, 89, 90, 19, 18, 19, 91, 25, 35, 41, 135, 65, 74, 7, 105, 168, 204, 165, 220, 215, 166)(66, 0, 51, 76, 47, 50, 47, 69, 111, 59, 53, 13, 17, 45, 61, 48, 92, 114, 78, 40, 42, 81, 79, 81, 42, 47, 96, 29, 86, 3, 25, 61, 57, 119, 155, 116, 171, 166, 118)(18, 51, 0, 110, 47, 7, 5, 21, 62, 94, 88, 44, 40, 7, 19, 5, 44, 68, 31, 74, 76, 33, 31, 33, 77, 11, 48, 27, 120, 51, 59, 13, 91, 153, 189, 151, 206, 200, 152)(125, 76, 110, 0, 104, 109, 106, 127, 169, 17, 24, 82, 83, 103, 120, 107, 151, 172, 136, 37, 36, 140, 138, 140, 34, 105, 155, 87, 65, 73, 53, 120, 21, 44, 81, 41, 97, 92, 43)(62, 47, 47, 104, 0, 46, 43, 65, 106, 88, 82, 40, 36, 41, 51, 44, 88, 75, 50, 68, 70, 77, 75, 77, 71, 43, 92, 21, 114, 46, 53, 57, 85, 147, 183, 145, 200, 194, 146)(22, 50, 7, 109, 46, 0, 3, 25, 66, 93, 87, 43, 39, 6, 21, 2, 48, 72, 35, 73, 75, 37, 35, 37, 76, 11, 52, 26, 119, 50, 58, 17, 90, 152, 188, 150, 205, 199, 151)(20, 47, 5, 106, 43, 3, 0, 23, 64, 89, 83, 40, 35, 3, 18, 1, 46, 70, 33, 70, 72, 35, 33, 35, 72, 7, 50, 22, 116, 46, 55, 15, 87, 149, 185, 146, 201, 196, 148)(7, 69, 21, 127, 65, 25, 23, 0, 47, 111, 105, 61, 57, 25, 28, 23, 29, 64, 27, 91, 93, 18, 16, 18, 94, 28, 33, 44, 137, 68, 76, 10, 108, 171, 206, 168, 223, 218, 169)(49, 111, 62, 169, 106, 66, 64, 47, 0, 153, 147, 103, 99, 67, 70, 64, 27, 98, 61, 133, 135, 36, 35, 36, 136, 69, 20, 86, 179, 110, 118, 52, 150, 212, 248, 210, 265, 259, 211)(108, 59, 94, 17, 88, 93, 89, 111, 153, 0, 8, 66, 66, 87, 103, 91, 134, 155, 120, 21, 20, 123, 122, 123, 17, 89, 138, 70, 48, 56, 36, 104, 5, 60, 96, 57, 113, 107, 59)(102, 53, 88, 24, 82, 87, 83, 105, 147, 8, 0, 60, 60, 81, 97, 85, 128, 149, 114, 15, 14, 117, 116, 117, 11, 83, 133, 64, 48, 51, 31, 98, 4, 68, 104, 65, 120, 115, 66)(59, 13, 44, 82, 40, 43, 40, 61, 103, 66, 60, 0, 6, 37, 54, 41, 85, 106, 70, 47, 48, 74, 72, 74, 49, 40, 89, 22, 93, 14, 32, 54, 63, 126, 162, 123, 178, 173, 124)(54, 17, 40, 83, 36, 39, 35, 57, 99, 66, 60, 6, 0, 33, 49, 37, 80, 102, 66, 47, 48, 69, 68, 69, 49, 35, 85, 17, 93, 17, 32, 50, 63, 126, 162, 123, 178, 173, 124)(22, 45, 7, 103, 41, 6, 3, 25, 67, 87, 81, 37, 33, 0, 19, 4, 48, 71, 35, 67, 69, 37, 36, 37, 70, 6, 52, 20, 113, 44, 52, 18, 84, 146, 182, 144, 199, 194, 145)(26, 61, 19, 120, 51, 21, 18, 28, 70, 103, 97, 54, 49, 19, 0, 19, 52, 59, 25, 84, 86, 41, 39, 41, 86, 19, 56, 36, 130, 60, 69, 22, 101, 163, 199, 160, 215, 210, 161)(20, 48, 5, 107, 44, 2, 1, 23, 64, 91, 85, 41, 37, 4, 19, 0, 46, 70, 33, 71, 73, 35, 33, 35, 74, 9, 50, 24, 117, 47, 56, 15, 88, 150, 186, 148, 203, 197, 149)(30, 92, 44, 151, 88, 48, 46, 29, 27, 134, 128, 85, 80, 48, 52, 46, 0, 80, 43, 115, 116, 19, 17, 19, 117, 51, 8, 67, 161, 91, 100, 33, 131, 194, 230, 191, 246, 241, 192)(63, 114, 68, 172, 75, 72, 70, 64, 98, 155, 149, 106, 102, 71, 59, 70, 80, 0, 38, 136, 138, 69, 67, 69, 138, 72, 84, 89, 180, 113, 121, 62, 153, 215, 251, 212, 267, 262, 214)(26, 78, 31, 136, 50, 35, 33, 27, 61, 120, 114, 70, 66, 35, 25, 33, 43, 38, 0, 100, 102, 32, 30, 32, 103, 36, 47, 53, 146, 77, 85, 25, 117, 180, 215, 177, 232, 227, 178)(89, 40, 74, 37, 68, 73, 70, 91, 133, 21, 15, 47, 47, 67, 84, 71, 115, 136, 100, 0, 3, 104, 102, 104, 4, 70, 119, 51, 49, 37, 17, 84, 18, 81, 117, 78, 133, 128, 79)(90, 42, 76, 36, 70, 75, 72, 93, 135, 20, 14, 48, 48, 69, 86, 73, 116, 138, 102, 3, 0, 106, 104, 106, 2, 71, 121, 53, 49, 39, 19, 86, 17, 79, 115, 77, 132, 127, 78)(19, 81, 33, 140, 77, 37, 35, 18, 36, 123, 117, 74, 69, 37, 41, 35, 19, 69, 32, 104, 106, 0, 2, 0, 106, 40, 23, 56, 150, 80, 89, 22, 121, 183, 219, 180, 235, 230, 182)(18, 79, 31, 138, 75, 35, 33, 16, 35, 122, 116, 72, 68, 36, 39, 33, 17, 67, 30, 102, 104, 2, 0, 2, 105, 38, 21, 55, 148, 78, 87, 21, 119, 181, 217, 179, 234, 228, 180)(19, 81, 33, 140, 77, 37, 35, 18, 36, 123, 117, 74, 69, 37, 41, 35, 19, 69, 32, 104, 106, 0, 2, 0, 106, 40, 23, 56, 150, 80, 89, 22, 121, 183, 219, 180, 235, 230, 182)(91, 42, 77, 34, 71, 76, 72, 94, 136, 17, 11, 49, 49, 70, 86, 74, 117, 138, 103, 4, 2, 106, 105, 106, 0, 72, 122, 54, 47, 40, 20, 87, 15, 77, 113, 74, 130, 124, 76)(25, 47, 11, 105, 43, 11, 7, 28, 69, 89, 83, 40, 35, 6, 19, 9, 51, 72, 36, 70, 71, 40, 38, 40, 72, 0, 55, 22, 116, 46, 55, 20, 86, 149, 185, 146, 201, 196, 147)(35, 96, 48, 155, 92, 52, 50, 33, 20, 138, 133, 89, 85, 52, 56, 50, 8, 84, 47, 119, 121, 23, 21, 23, 122, 55, 0, 72, 165, 95,