n_nodes:39
n_vehicles:7
n_calls:35
Cargo:[{17,37,5203,919712,244,316,244,1300}{33,36,15204,430625,972,1044,972,1458}{17,27,7459,207658,211,283,211,630}{6,1,12498,304688,0,72,0,428}{38,33,7513,663183,805,877,805,1320}{10,38,15989,429892,165,237,165,691}{26,6,6006,368806,322,394,322,902}{14,35,13346,693194,151,223,151,778}{31,36,5963,498385,56,128,56,587}{9,18,3290,476113,594,666,594,1097}{7,5,10575,405627,175,247,175,703}{25,18,5207,569077,168,240,168,1638}{39,17,15522,698817,525,597,525,1174}{2,34,5073,331031,148,220,148,627}{17,15,10394,418978,60,132,60,519}{15,8,12368,539702,109,181,109,531}{11,36,3768,514943,337,409,337,1313}{11,35,9647,645015,573,645,573,1038}{31,35,13708,561956,124,196,124,691}{29,18,13089,737503,1644,1716,1644,2243}{17,35,9151,643909,680,752,680,1308}{33,27,11150,525311,746,818,746,1296}{16,14,5934,209005,128,200,128,529}{4,36,14200,364865,352,424,352,770}{17,3,11814,304837,1200,1272,1200,1662}{17,38,11366,1059065,859,931,859,1640}{10,36,9699,351485,487,559,487,965}{22,20,9255,454791,756,828,756,1248}{11,34,8189,518003,1292,1364,1292,1722}{18,25,6991,500351,241,313,241,805}{1,37,13890,1021104,1393,1465,1393,2199}{22,36,9463,708512,944,1016,944,1538}{10,35,12818,424261,556,628,556,1057}{17,21,6006,481223,44,116,44,757}{4,32,4577,406194,340,412,340,867}]
TravelTime:[{(0, 71, 19, 134, 66, 23, 21, 8, 52, 116, 110, 63, 58, 24, 28, 21, 32, 67, 28, 95, 97, 21, 19, 21, 98, 27, 37, 44, 145, 70, 79, 8, 113, 180, 219, 177, 237, 231, 179)(71, 0, 55, 81, 51, 54, 51, 74, 119, 64, 57, 14, 18, 48, 66, 52, 99, 122, 83, 43, 45, 87, 85, 87, 46, 50, 103, 31, 92, 3, 27, 66, 61, 128, 166, 125, 184, 178, 126)(19, 55, 0, 118, 51, 7, 5, 22, 67, 101, 94, 48, 43, 8, 20, 5, 47, 73, 34, 80, 82, 35, 34, 35, 83, 12, 52, 29, 129, 54, 64, 14, 98, 165, 203, 162, 221, 215, 163)(134, 81, 118, 0, 112, 117, 114, 137, 182, 18, 26, 89, 89, 111, 129, 115, 162, 185, 146, 40, 39, 150, 148, 150, 36, 113, 166, 93, 70, 78, 57, 129, 23, 47, 87, 44, 104, 98, 46)(66, 51, 51, 112, 0, 50, 46, 69, 114, 94, 88, 43, 38, 44, 55, 48, 94, 81, 54, 73, 75, 83, 81, 83, 76, 46, 99, 23, 123, 50, 57, 62, 91, 158, 197, 155, 215, 209, 157)(23, 54, 7, 117, 50, 0, 4, 26, 71, 99, 93, 46, 42, 6, 22, 2, 51, 77, 38, 79, 80, 40, 38, 40, 81, 11, 56, 28, 128, 53, 63, 19, 97, 164, 202, 161, 220, 214, 162)(21, 51, 5, 114, 46, 4, 0, 24, 69, 96, 89, 43, 38, 3, 20, 1, 49, 75, 36, 75, 77, 38, 36, 38, 78, 8, 54, 24, 124, 50, 59, 17, 93, 160, 199, 157, 216, 211, 158)(8, 74, 22, 137, 69, 26, 24, 0, 51, 119, 113, 66, 61, 27, 30, 24, 31, 69, 29, 98, 100, 19, 17, 19, 101, 30, 35, 47, 148, 73, 82, 11, 116, 183, 222, 180, 239, 234, 182)(52, 119, 67, 182, 114, 71, 69, 51, 0, 164, 158, 111, 106, 72, 75, 69, 29, 106, 66, 143, 145, 39, 37, 39, 146, 75, 22, 92, 193, 118, 127, 55, 161, 228, 267, 225, 284, 279, 227)(116, 64, 101, 18, 94, 99, 96, 119, 164, 0, 9, 71, 71, 93, 111, 97, 144, 167, 129, 23, 21, 132, 131, 132, 19, 96, 149, 76, 52, 61, 39, 111, 5, 65, 103, 62, 121, 115, 63)(110, 57, 94, 26, 88, 93, 89, 113, 158, 9, 0, 64, 65, 87, 104, 91, 138, 160, 122, 16, 15, 126, 124, 126, 12, 89, 142, 69, 51, 54, 33, 105, 4, 73, 111, 70, 129, 123, 71)(63, 14, 48, 89, 43, 46, 43, 66, 111, 71, 64, 0, 7, 40, 58, 44, 91, 114, 76, 50, 52, 79, 78, 79, 53, 43, 96, 23, 99, 15, 34, 58, 68, 135, 173, 132, 191, 185, 133)(58, 18, 43, 89, 38, 42, 38, 61, 106, 71, 65, 7, 0, 35, 53, 39, 86, 110, 71, 50, 52, 75, 73, 75, 53, 38, 91, 19, 100, 18, 34, 53, 68, 135, 174, 132, 191, 186, 134)(24, 48, 8, 111, 44, 6, 3, 27, 72, 93, 87, 40, 35, 0, 20, 4, 52, 76, 37, 72, 74, 40, 38, 40, 75, 6, 56, 21, 122, 47, 56, 19, 90, 157, 196, 154, 214, 208, 156)(28, 66, 20, 129, 55, 22, 20, 30, 75, 111, 104, 58, 53, 20, 0, 20, 55, 63, 26, 90, 92, 44, 42, 44, 93, 20, 60, 39, 139, 65, 74, 24, 108, 175, 213, 172, 231, 225, 173)(21, 52, 5, 115, 48, 2, 1, 24, 69, 97, 91, 44, 39, 4, 20, 0, 49, 75, 36, 76, 78, 38, 36, 38, 79, 9, 54, 25, 126, 51, 60, 16, 94, 161, 200, 158, 218, 212, 160)(32, 99, 47, 162, 94, 51, 49, 31, 29, 144, 138, 91, 86, 52, 55, 49, 0, 86, 46, 123, 125, 20, 18, 20, 126, 55, 9, 72, 173, 98, 107, 35, 141, 208, 247, 205, 264, 259, 207)(67, 122, 73, 185, 81, 77, 75, 69, 106, 167, 160, 114, 110, 76, 63, 75, 86, 0, 41, 146, 148, 74, 72, 74, 149, 77, 91, 96, 194, 121, 130, 67, 164, 231, 269, 228, 287, 281, 229)(28, 83, 34, 146, 54, 38, 36, 29, 66, 129, 122, 76, 71, 37, 26, 36, 46, 41, 0, 108, 110, 34, 33, 34, 111, 38, 51, 57, 157, 82, 92, 27, 126, 193, 231, 190, 249, 243, 191)(95, 43, 80, 40, 73, 79, 75, 98, 143, 23, 16, 50, 50, 72, 90, 76, 123, 146, 108, 0, 4, 112, 110, 112, 4, 75, 128, 55, 53, 40, 18, 90, 20, 87, 125, 84, 143, 137, 85)(97, 45, 82, 39, 75, 80, 77, 100, 145, 21, 15, 52, 52, 74, 92, 78, 125, 148, 110, 4, 0, 113, 112, 113, 3, 77, 130, 57, 52, 42, 20, 92, 18, 85, 124, 82, 142, 136, 84)(21, 87, 35, 150, 83, 40, 38, 19, 39, 132, 126, 79, 75, 40, 44, 38, 20, 74, 34, 112, 113, 0, 2, 0, 114, 43, 24, 61, 161, 86, 95, 24, 129, 196, 235, 194, 253, 247, 195)(19, 85, 34, 148, 81, 38, 36, 17, 37, 131, 124, 78, 73, 38, 42, 36, 18, 72, 33, 110, 112, 2, 0, 2, 113, 41, 22, 59, 159, 84, 94, 22, 128, 195, 233, 192, 251, 245, 193)(21, 87, 35, 150, 83, 40, 38, 19, 39, 132, 126, 79, 75, 40, 44, 38, 20, 74, 34, 112, 113, 0, 2, 0, 114, 43, 24, 61, 161, 86, 95, 24, 129, 196, 235, 194, 253, 247, 195)(98, 46, 83, 36, 76, 81, 78, 101, 146, 19, 12, 53, 53, 75, 93, 79, 126, 149, 111, 4, 3, 114, 113, 114, 0, 77, 131, 58, 50, 43, 21, 93, 16, 83, 121, 80, 139, 133, 81)(27, 50, 12, 113, 46, 11, 8, 30, 75, 96, 89, 43, 38, 6, 20, 9, 55, 77, 38, 75, 77, 43, 41, 43, 77, 0, 59, 24, 124, 49, 59, 22, 93, 160, 198, 157, 216, 210, 158)(37, 103, 52, 166, 99, 56, 54, 35, 22, 149, 142, 96, 91, 56, 60, 54, 9, 91, 51, 128, 130, 24, 22, 24, 131, 59, 0, 77, 177, 102, 112, 40, 146, 213, 251, 210, 269, 263, 211)(44, 31, 29, 93, 23, 28, 24, 47, 92, 76, 69, 23, 19, 21, 39, 25, 72, 96, 57, 55, 57, 61, 59, 61, 58, 24, 77, 0, 104, 30, 39, 39, 73, 140, 178, 137, 196, 190, 138)(145, 92, 129, 70, 123, 128, 124, 148, 193, 52, 51, 99, 100, 122, 139, 126, 173, 194, 157, 53, 52, 161, 159, 161, 50, 124, 177, 104, 0, 89, 68, 140, 51, 116, 155, 113, 172, 167, 115)(70, 3, 54, 78, 50, 53, 50, 73, 118, 61, 54, 15, 18, 47, 65, 51, 98, 121, 82, 40, 42, 86, 84, 86, 43, 49, 102, 30, 89, 0, 24, 65, 58, 125, 163, 122, 181, 175, 123)(79, 27, 64, 57, 57, 63, 59, 82, 127, 39, 33, 34, 34, 56, 74, 60, 107, 130, 92, 18, 20, 95, 94, 95, 21, 59, 112, 39, 68, 24, 0, 74, 36, 103, 142, 100, 160, 154, 102)(8, 66, 14, 129, 62, 19, 17, 11, 55, 111, 105, 58, 53, 19, 24, 16, 35, 67, 27, 90, 92, 24, 22, 24, 93, 22, 40, 39, 140, 65, 74, 0, 108, 175, 214, 173, 232, 226, 174)(113, 61, 98, 23, 91, 97, 93, 116, 161, 5, 4, 68, 68, 90, 108, 94, 141, 164, 126, 20, 18, 129, 128, 129, 16, 93, 146, 73, 51, 58, 36, 108, 0, 69, 108, 66, 126, 120, 68)(180, 128, 165, 47, 158, 164, 160, 183, 228, 65, 73, 135, 135, 157, 175, 161, 208, 231, 193, 87, 85, 196, 195, 196, 83, 160, 213, 140, 116, 125, 103, 175, 69, 0, 60, 5, 78, 72, 3)(219, 166, 203, 87, 197, 202, 199, 222, 267, 103, 111, 173, 174, 196, 213, 200, 247, 269, 231, 125, 124, 235, 233, 235, 121, 198, 251, 178, 155, 163, 142, 214, 108, 60, 0, 64, 48, 43, 63)(177, 125, 162, 44, 155, 161, 157, 180, 225, 62, 70, 132, 132, 154, 172, 158, 205, 228, 190, 84, 82, 194, 192, 194, 80, 157, 210, 137, 113, 122, 100, 173, 66, 5, 64, 0, 81, 75, 2)(237, 184, 221, 104, 215, 220, 216, 239, 284, 121, 129, 191, 191, 214, 231, 218, 264, 287, 249, 143, 142, 253, 251, 253, 139, 216, 269, 196, 172, 181, 160, 232, 126, 78, 48, 81, 0, 6, 80)(231, 178, 215, 98, 209, 214, 211, 234, 279, 115, 123, 185, 186, 208, 225, 212, 259, 281, 243, 137, 136, 247, 245, 247, 133, 210, 263, 190, 167, 175, 154, 226, 120, 72, 43, 75, 6, 0, 75)(179, 126, 163, 46, 157, 162, 158, 182, 227, 63, 71, 133, 134, 156, 173, 160, 207, 229, 191, 85, 84, 195, 193, 195, 81, 158, 211, 138, 115, 123, 102, 174, 68, 3, 63, 2, 80, 75, 0)}{(0, 71, 19, 134, 66, 23, 21, 8, 52, 116, 110, 63, 58, 24, 28, 21, 32, 67, 28, 95, 97, 21, 19, 21, 98, 27, 37, 44, 145, 70, 79, 8, 113, 180, 219, 177, 237, 231, 179)(71, 0, 55, 81, 51, 54, 51, 74, 119, 64, 57, 14, 18, 48, 66, 52, 99, 122, 83, 43, 45, 87, 85, 87, 46, 50, 103, 31, 92, 3, 27, 66, 61, 128, 166, 125, 184, 178, 126)(19, 55, 0, 118, 51, 7, 5, 22, 67, 101, 94, 48, 43, 8, 20, 5, 47, 73, 34, 80, 82, 35, 34, 35, 83, 12, 52, 29, 129, 54, 64, 14, 98, 165, 203, 162, 221, 215, 163)(134, 81, 118, 0, 112, 117, 114, 137, 182, 18, 26, 89, 89, 111, 129, 115, 162, 185, 146, 40, 39, 150, 148, 150, 36, 113, 166, 93, 70, 78, 57, 129, 23, 47, 87, 44, 104, 98, 46)(66, 51, 51, 112, 0, 50, 46, 69, 114, 94, 88, 43, 38, 44, 55, 48, 94, 81, 54, 73, 75, 83, 81, 83, 76, 46, 99, 23, 123, 50, 57, 62, 91, 158, 197, 155, 215, 209, 157)(23, 54, 7, 117, 50, 0, 4, 26, 71, 99, 93, 46, 42, 6, 22, 2, 51, 77, 38, 79, 80, 40, 38, 40, 81, 11, 56, 28, 128, 53, 63, 19, 97, 164, 202, 161, 220, 214, 162)(21, 51, 5, 114, 46, 4, 0, 24, 69, 96, 89, 43, 38, 3, 20, 1, 49, 75, 36, 75, 77, 38, 36, 38, 78, 8, 54, 24, 124, 50, 59, 17, 93, 160, 199, 157, 216, 211, 158)(8, 74, 22, 137, 69, 26, 24, 0, 51, 119, 113, 66, 61, 27, 30, 24, 31, 69, 29, 98, 100, 19, 17, 19, 101, 30, 35, 47, 148, 73, 82, 11, 116, 183, 222, 180, 239, 234, 182)(52, 119, 67, 182, 114, 71, 69, 51, 0, 164, 158, 111, 106, 72, 75, 69, 29, 106, 66, 143, 145, 39, 37, 39, 146, 75, 22, 92, 193, 118, 127, 55, 161, 228, 267, 225, 284, 279, 227)(116, 64, 101, 18, 94, 99, 96, 119, 164, 0, 9, 71, 71, 93, 111, 97, 144, 167, 129, 23, 21, 132, 131, 132, 19, 96, 149, 76, 52, 61, 39, 111, 5, 65, 103, 62, 121, 115, 63)(110, 57, 94, 26, 88, 93, 89, 113, 158, 9, 0, 64, 65, 87, 104, 91, 138, 160, 122, 16, 15, 126, 124, 126, 12, 89, 142, 69, 51, 54, 33, 105, 4, 73, 111, 70, 129, 123, 71)(63, 14, 48, 89, 43, 46, 43, 66, 111, 71, 64, 0, 7, 40, 58, 44, 91, 114, 76, 50, 52, 79, 78, 79, 53, 43, 96, 23, 99, 15, 34, 58, 68, 135, 173, 132, 191, 185, 133)(58, 18, 43, 89, 38, 42, 38, 61, 106, 71, 65, 7, 0, 35, 53, 39, 86, 110, 71, 50, 52, 75, 73, 75, 53, 38, 91, 19, 100, 18, 34, 53, 68, 135, 174, 132, 191, 186, 134)(24, 48, 8, 111, 44, 6, 3, 27, 72, 93, 87, 40, 35, 0, 20, 4, 52, 76, 37, 72, 74, 40, 38, 40, 75, 6, 56, 21, 122, 47, 56, 19, 90, 157, 196, 154, 214, 208, 156)(28, 66, 20, 129, 55, 22, 20, 30, 75, 111, 104, 58, 53, 20, 0, 20, 55, 63, 26, 90, 92, 44, 42, 44, 93, 20, 60, 39, 139, 65, 74, 24, 108, 175, 213, 172, 231, 225, 173)(21, 52, 5, 115, 48, 2, 1, 24, 69, 97, 91, 44, 39, 4, 20, 0, 49, 75, 36, 76, 78, 38, 36, 38, 79, 9, 54, 25, 126, 51, 60, 16, 94, 161, 200, 158, 218, 212, 160)(32, 99, 47, 162, 94, 51, 49, 31, 29, 144, 138, 91, 86, 52, 55, 49, 0, 86, 46, 123, 125, 20, 18, 20, 126, 55, 9, 72, 173, 98, 107, 35, 141, 208, 247, 205, 264, 259, 207)(67, 122, 73, 185, 81, 77, 75, 69, 106, 167, 160, 114, 110, 76, 63, 75, 86, 0, 41, 146, 148, 74, 72, 74, 149, 77, 91, 96, 194, 121, 130, 67, 164, 231, 269, 228, 287, 281, 229)(28, 83, 34, 146, 54, 38, 36, 29, 66, 129, 122, 76, 71, 37, 26, 36, 46, 41, 0, 108, 110, 34, 33, 34, 111, 38, 51, 57, 157, 82, 92, 27, 126, 193, 231, 190, 249, 243, 191)(95, 43, 80, 40, 73, 79, 75, 98, 143, 23, 16, 50, 50, 72, 90, 76, 123, 146, 108, 0, 4, 112, 110, 112, 4, 75, 128, 55, 53, 40, 18, 90, 20, 87, 125, 84, 143, 137, 85)(97, 45, 82, 39, 75, 80, 77, 100, 145, 21, 15, 52, 52, 74, 92, 78, 125, 148, 110, 4, 0, 113, 112, 113, 3, 77, 130, 57, 52, 42, 20, 92, 18, 85, 124, 82, 142, 136, 84)(21, 87, 35, 150, 83, 40, 38, 19, 39, 132, 126, 79, 75, 40, 44, 38, 20, 74, 34, 112, 113, 0, 2, 0, 114, 43, 24, 61, 161, 86, 95, 24, 129, 196, 235, 194, 253, 247, 195)(19, 85, 34, 148, 81, 38, 36, 17, 37, 131, 124, 78, 73, 38, 42, 36, 18, 72, 33, 110, 112, 2, 0, 2, 113, 41, 22, 59, 159, 84, 94, 22, 128, 195, 233, 192, 251, 245, 193)(21, 87, 35, 150, 83, 40, 38, 19, 39, 132, 126, 79, 75, 40, 44, 38, 20, 74, 34, 112, 113, 0, 2, 0, 114, 43, 24, 61, 161, 86, 95, 24, 129, 196, 235, 194, 253, 247, 195)(98, 46, 83, 36, 76, 81, 78, 101, 146, 19, 12, 53, 53, 75, 93, 79, 126, 149, 111, 4, 3, 114, 113, 114, 0, 77, 131, 58, 50, 43, 21, 93, 16, 83, 121, 80, 139, 133, 81)(27, 50, 12, 113, 46, 11, 8, 30, 75, 96, 89, 43, 38, 6, 20, 9, 55, 77, 38, 75, 77, 43, 41, 43, 77, 0, 59, 24, 124, 49, 59, 22, 93, 160, 198, 157, 216, 210, 158)(37, 103, 52, 166, 99, 56, 54, 35, 22, 149, 142, 96, 91, 56, 60, 54, 9, 91, 51, 128, 130, 24, 22, 24, 131, 59, 0, 77, 177, 102, 112, 40, 146, 213, 251, 210, 269, 263, 211)(44, 31, 29, 93, 23, 28, 24, 47, 92, 76, 69, 23, 19, 21, 39, 25, 72, 96, 57, 55, 57, 61, 59, 61, 58, 24, 77, 0, 104, 30, 39, 39, 73, 140, 178, 137, 196, 190, 138)(145, 92, 129, 70, 123, 128, 124, 148, 193, 52, 51, 99, 100, 122, 139, 126, 173, 194, 157, 53, 52, 161, 159, 161, 50, 124, 177, 104, 0, 89, 68, 140, 51, 116, 155, 113, 172, 167, 115)(70, 3, 54, 78, 50, 53, 50, 73, 118, 61, 54, 15, 18, 47, 65, 51, 98, 121, 82, 40, 42, 86, 84, 86, 43, 49, 102, 30, 89, 0, 24, 65, 58, 125, 163, 122, 181, 175, 123)(79, 27, 64, 57, 57, 63, 59, 82, 127, 39, 33, 34, 34, 56, 74, 60, 107, 130, 92, 18, 20, 95, 94, 95, 21, 59, 112, 39, 68, 24, 0, 74, 36, 103, 142, 100, 160, 154, 102)(8, 66, 14, 129, 62, 19, 17, 11, 55, 111, 105, 58, 53, 19, 24, 16, 35, 67, 27, 90, 92, 24, 22, 24, 93, 22, 40, 39, 140, 65, 74, 0, 108, 175, 214, 173, 232, 226, 174)(113, 61, 98, 23, 91, 97, 93, 116, 161, 5, 4, 68, 68, 90, 108, 94, 141, 164, 126, 20, 18, 129, 128, 129, 16, 93, 146, 73, 51, 58, 36, 108, 0, 69, 108, 66, 126, 120, 68)(180, 128, 165, 47, 158, 164, 160, 183, 228, 65, 73, 135, 135, 157, 175, 161, 208, 231, 193, 87, 85, 196, 195, 196, 83, 160, 213, 140, 116, 125, 103, 175, 69, 0, 60, 5, 78, 72, 3)(219, 166, 203, 87, 197, 202, 199, 222, 267, 103, 111, 173, 174, 196, 213, 200, 247, 269, 231, 125, 124, 235, 233, 235, 121, 198, 251, 178, 155, 163, 142, 214, 108, 60, 0, 64, 48, 43, 63)(177, 125, 162, 44, 155, 161, 157, 180, 225, 62, 70, 132, 132, 154, 172, 158, 205, 228, 190, 84, 82, 194, 192, 194, 80, 157, 210, 137, 113, 122, 100, 173, 66, 5, 64, 0, 81, 75, 2)(237, 184, 221, 104, 215, 220, 216, 239, 284, 121, 129, 191, 191, 214, 231, 218, 264, 287, 249, 143, 142, 253, 251, 253, 139, 216, 269, 196, 172, 181, 160, 232, 126, 78, 48, 81, 0, 6, 80)(231, 178, 215, 98, 209, 214, 211, 234, 279, 115, 123, 185, 186, 208, 225, 212, 259, 281, 243, 137, 136, 247, 245, 247, 133, 210, 263, 190, 167, 175, 154, 226, 120, 72, 43, 75, 6, 0, 75)(179, 126, 163, 46, 157, 162, 158, 182, 227, 63, 71, 133, 134, 156, 173, 160, 207, 229, 191, 85, 84, 195, 193, 195, 81, 158, 211, 138, 115, 123, 102, 174, 68, 3, 63, 2, 80, 75, 0)}{(0, 66, 18, 125, 62, 22, 20, 7, 49, 108, 102, 59, 54, 22, 26, 20, 30, 63, 26, 89, 90, 19, 18, 19, 91, 25, 35, 41, 135, 65, 74, 7, 105, 168, 204, 165, 220, 215, 166)(66, 0, 51, 76, 47, 50, 47, 69, 111, 59, 53, 13, 17, 45, 61, 48, 92, 114, 78, 40, 42, 81, 79, 81, 42, 47, 96, 29, 86, 3, 25, 61, 57, 119, 155, 116, 171, 166, 118)(18, 51, 0, 110, 47, 7, 5, 21, 62, 94, 88, 44, 40, 7, 19, 5, 44, 68, 31, 74, 76, 33, 31, 33, 77, 11, 48, 27, 120, 51, 59, 13, 91, 153, 189, 151, 206, 200, 152)(125, 76, 110, 0, 104, 109, 106, 127, 169, 17, 24, 82, 83, 103, 120, 107, 151, 172, 136, 37, 36, 140, 138, 140, 34, 105, 155, 87, 65, 73, 53, 120, 21, 44, 81, 41, 97, 92, 43)(62, 47, 47, 104, 0, 46, 43, 65, 106, 88, 82, 40, 36, 41, 51, 44, 88, 75, 50, 68, 70, 77, 75, 77, 71, 43, 92, 21, 114, 46, 53, 57, 85, 147, 183, 145, 200, 194, 146)(22, 50, 7, 109, 46, 0, 3, 25, 66, 93, 87, 43, 39, 6, 21, 2, 48, 72, 35, 73, 75, 37, 35, 37, 76, 11, 52, 26, 119, 50, 58, 17, 90, 152, 188, 150, 205, 199, 151)(20, 47, 5, 106, 43, 3, 0, 23, 64, 89, 83, 40, 35, 3, 18, 1, 46, 70, 33, 70, 72, 35, 33, 35, 72, 7, 50, 22, 116, 46, 55, 15, 87, 149, 185, 146, 201, 196, 148)(7, 69, 21, 127, 65, 25, 23, 0, 47, 111, 105, 61, 57, 25, 28, 23, 29, 64, 27, 91, 93, 18, 16, 18, 94, 28, 33, 44, 137, 68, 76, 10, 108, 171, 206, 168, 223, 218, 169)(49, 111, 62, 169, 106, 66, 64, 47, 0, 153, 147, 103, 99, 67, 70, 64, 27, 98, 61, 133, 135, 36, 35, 36, 136, 69, 20, 86, 179, 110, 118, 52, 150, 212, 248, 210, 265, 259, 211)(108, 59, 94, 17, 88, 93, 89, 111, 153, 0, 8, 66, 66, 87, 103, 91, 134, 155, 120, 21, 20, 123, 122, 123, 17, 89, 138, 70, 48, 56, 36, 104, 5, 60, 96, 57, 113, 107, 59)(102, 53, 88, 24, 82, 87, 83, 105, 147, 8, 0, 60, 60, 81, 97, 85, 128, 149, 114, 15, 14, 117, 116, 117, 11, 83, 133, 64, 48, 51, 31, 98, 4, 68, 104, 65, 120, 115, 66)(59, 13, 44, 82, 40, 43, 40, 61, 103, 66, 60, 0, 6, 37, 54, 41, 85, 106, 70, 47, 48, 74, 72, 74, 49, 40, 89, 22, 93, 14, 32, 54, 63, 126, 162, 123, 178, 173, 124)(54, 17, 40, 83, 36, 39, 35, 57, 99, 66, 60, 6, 0, 33, 49, 37, 80, 102, 66, 47, 48, 69, 68, 69, 49, 35, 85, 17, 93, 17, 32, 50, 63, 126, 162, 123, 178, 173, 124)(22, 45, 7, 103, 41, 6, 3, 25, 67, 87, 81, 37, 33, 0, 19, 4, 48, 71, 35, 67, 69, 37, 36, 37, 70, 6, 52, 20, 113, 44, 52, 18, 84, 146, 182, 144, 199, 194, 145)(26, 61, 19, 120, 51, 21, 18, 28, 70, 103, 97, 54, 49, 19, 0, 19, 52, 59, 25, 84, 86, 41, 39, 41, 86, 19, 56, 36, 130, 60, 69, 22, 101, 163, 199, 160, 215, 210, 161)(20, 48, 5, 107, 44, 2, 1, 23, 64, 91, 85, 41, 37, 4, 19, 0, 46, 70, 33, 71, 73, 35, 33, 35, 74, 9, 50, 24, 117, 47, 56, 15, 88, 150, 186, 148, 203, 197, 149)(30, 92, 44, 151, 88, 48, 46, 29, 27, 134, 128, 85, 80, 48, 52, 46, 0, 80, 43, 115, 116, 19, 17, 19, 117, 51, 8, 67, 161, 91, 100, 33, 131, 194, 230, 191, 246, 241, 192)(63, 114, 68, 172, 75, 72, 70, 64, 98, 155, 149, 106, 102, 71, 59, 70, 80, 0, 38, 136, 138, 69, 67, 69, 138, 72, 84, 89, 180, 113, 121, 62, 153, 215, 251, 212, 267, 262, 214)(26, 78, 31, 136, 50, 35, 33, 27, 61, 120, 114, 70, 66, 35, 25, 33, 43, 38, 0, 100, 102, 32, 30, 32, 103, 36, 47, 53, 146, 77, 85, 25, 117, 180, 215, 177, 232, 227, 178)(89, 40, 74, 37, 68, 73, 70, 91, 133, 21, 15, 47, 47, 67, 84, 71, 115, 136, 100, 0, 3, 104, 102, 104, 4, 70, 119, 51, 49, 37, 17, 84, 18, 81, 117, 78, 133, 128, 79)(90, 42, 76, 36, 70, 75, 72, 93, 135, 20, 14, 48, 48, 69, 86, 73, 116, 138, 102, 3, 0, 106, 104, 106, 2, 71, 121, 53, 49, 39, 19, 86, 17, 79, 115, 77, 132, 127, 78)(19, 81, 33, 140, 77, 37, 35, 18, 36, 123, 117, 74, 69, 37, 41, 35, 19, 69, 32, 104, 106, 0, 2, 0, 106, 40, 23, 56, 150, 80, 89, 22, 121, 183, 219, 180, 235, 230, 182)(18, 79, 31, 138, 75, 35, 33, 16, 35, 122, 116, 72, 68, 36, 39, 33, 17, 67, 30, 102, 104, 2, 0, 2, 105, 38, 21, 55, 148, 78, 87, 21, 119, 181, 217, 179, 234, 228, 180)(19, 81, 33, 140, 77, 37, 35, 18, 36, 123, 117, 74, 69, 37, 41, 35, 19, 69, 32, 104, 106, 0, 2, 0, 106, 40, 23, 56, 150, 80, 89, 22, 121, 183, 219, 180, 235, 230, 182)(91, 42, 77, 34, 71, 76, 72, 94, 136, 17, 11, 49, 49, 70, 86, 74, 117, 138, 103, 4, 2, 106, 105, 106, 0, 72, 122, 54, 47, 40, 20, 87, 15, 77, 113, 74, 130, 124, 76)(25, 47, 11, 105, 43, 11, 7, 28, 69, 89, 83, 40, 35, 6, 19, 9, 51, 72, 36, 70, 71, 40, 38, 40, 72, 0, 55, 22, 116, 46, 55, 20, 86, 149, 185, 146, 201, 196, 147)(35, 96, 48, 155, 92, 52, 50, 33, 20, 138, 133, 89, 85, 52, 56, 50, 8, 84, 47, 119, 121, 23, 21, 23, 122, 55, 0, 72, 165, 95, 104, 37, 136, 198, 234, 195, 251, 245, 197)(41, 29, 27, 87, 21, 26, 22, 44, 86, 70, 64, 22, 17, 20, 36, 24, 67, 89, 53, 51, 53, 56, 55, 56, 54, 22, 72, 0, 97, 28, 36, 37, 68, 130, 166, 127, 183, 177, 129)(135, 86, 120, 65, 114, 119, 116, 137, 179, 48, 48, 93, 93, 113, 130, 117, 161, 180, 146, 49, 49, 150, 148, 150, 47, 116, 165, 97, 0, 83, 64, 130, 47, 108, 144, 105, 161, 155, 107)(65, 3, 51, 73, 46, 50, 46, 68, 110, 56, 51, 14, 17, 44, 60, 47, 91, 113, 77, 37, 39, 80, 78, 80, 40, 46, 95, 28, 83, 0, 22, 61, 54, 116, 152, 113, 169, 163, 115)(74, 25, 59, 53, 53, 58, 55, 76, 118, 36, 31, 32, 32, 52, 69, 56, 100, 121, 85, 17, 19, 89, 87, 89, 20, 55, 104, 36, 64, 22, 0, 69, 34, 96, 132, 93, 149, 143, 95)(7, 61, 13, 120, 57, 17, 15, 10, 52, 104, 98, 54, 50, 18, 22, 15, 33, 62, 25, 84, 86, 22, 21, 22, 87, 20, 37, 37, 130, 61, 69, 0, 101, 163, 199, 161, 216, 210, 162)(105, 57, 91, 21, 85, 90, 87, 108, 150, 5, 4, 63, 63, 84, 101, 88, 131, 153, 117, 18, 17, 121, 119, 121, 15, 86, 136, 68, 47, 54, 34, 101, 0, 65, 100, 62, 117, 112, 63)(168, 119, 153, 44, 147, 152, 149, 171, 212, 60, 68, 126, 126, 146, 163, 150, 194, 215, 180, 81, 79, 183, 181, 183, 77, 149, 198, 130, 108, 116, 96, 163, 65, 0, 56, 4, 72, 67, 3)(204, 155, 189, 81, 183, 188, 185, 206, 248, 96, 104, 162, 162, 182, 199, 186, 230, 251, 215, 117, 115, 219, 217, 219, 113, 185, 234, 166, 144, 152, 132, 199, 100, 56, 0, 59, 45, 40, 59)(165, 116, 151, 41, 145, 150, 146, 168, 210, 57, 65, 123, 123, 144, 160, 148, 191, 212, 177, 78, 77, 180, 179, 180, 74, 146, 195, 127, 105, 113, 93, 161, 62, 4, 59, 0, 75, 70, 2)(220, 171, 206, 97, 200, 205, 201, 223, 265, 113, 120, 178, 178, 199, 215, 203, 246, 267, 232, 133, 132, 235, 234, 235, 130, 201, 251, 183, 161, 169, 149, 216, 117, 72, 45, 75, 0, 6, 75)(215, 166, 200, 92, 194, 199, 196, 218, 259, 107, 115, 173, 173, 194, 210, 197, 241, 262, 227, 128, 127, 230, 228, 230, 124, 196, 245, 177, 155, 163, 143, 210, 112, 67, 40, 70, 6, 0, 70)(166, 118, 152, 43, 146, 151, 148, 169, 211, 59, 66, 124, 124, 145, 161, 149, 192, 214, 178, 79, 78, 182, 180, 182, 76, 147, 197, 129, 107, 115, 95, 162, 63, 3, 59, 2, 75, 70, 0)}{(0, 66, 18, 125, 62, 22, 20, 7, 49, 108, 102, 59, 54, 22, 26, 20, 30, 63, 26, 89, 90, 19, 18, 19, 91, 25, 35, 41, 135, 65, 74, 7, 105, 168, 204, 165, 220, 215, 166)(66, 0, 51, 76, 47, 50, 47, 69, 111, 59, 53, 13, 17, 45, 61, 48, 92, 114, 78, 40, 42, 81, 79, 81, 42, 47, 96, 29, 86, 3, 25, 61, 57, 119, 155, 116, 171, 166, 118)(18, 51, 0, 110, 47, 7, 5, 21, 62, 94, 88, 44, 40, 7, 19, 5, 44, 68, 31, 74, 76, 33, 31, 33, 77, 11, 48, 27, 120, 51, 59, 13, 91, 153, 189, 151, 206, 200, 152)(125, 76, 110, 0, 104, 109, 106, 127, 169, 17, 24, 82, 83, 103, 120, 107, 151, 172, 136, 37, 36, 140, 138, 140, 34, 105, 155, 87, 65, 73, 53, 120, 21, 44, 81, 41, 97, 92, 43)(62, 47, 47, 104, 0, 46, 43, 65, 106, 88, 82, 40, 36, 41, 51, 44, 88, 75, 50, 68, 70, 77, 75, 77, 71, 43, 92, 21, 114, 46, 53, 57, 85, 147, 183, 145, 200, 194, 146)(22, 50, 7, 109, 46, 0, 3, 25, 66, 93, 87, 43, 39, 6, 21, 2, 48, 72, 35, 73, 75, 37, 35, 37, 76, 11, 52, 26, 119, 50, 58, 17, 90, 152, 188, 150, 205, 199, 151)(20, 47, 5, 106, 43, 3, 0, 23, 64, 89, 83, 40, 35, 3, 18, 1, 46, 70, 33, 70, 72, 35, 33, 35, 72, 7, 50, 22, 116, 46, 55, 15, 87, 149, 185, 146, 201, 196, 148)(7, 69, 21, 127, 65, 25, 23, 0, 47, 111, 105, 61, 57, 25, 28, 23, 29, 64, 27, 91, 93, 18, 16, 18, 94, 28, 33, 44, 137, 68, 76, 10, 108, 171, 206, 168, 223, 218, 169)(49, 111, 62, 169, 106, 66, 64, 47, 0, 153, 147, 103, 99, 67, 70, 64, 27, 98, 61, 133, 135, 36, 35, 36, 136, 69, 20, 86, 179, 110, 118, 52, 150, 212, 248, 210, 265, 259, 211)(108, 59, 94, 17, 88, 93, 89, 111, 153, 0, 8, 66, 66, 87, 103, 91, 134, 155, 120, 21, 20, 123, 122, 123, 17, 89, 138, 70, 48, 56, 36, 104, 5, 60, 96, 57, 113, 107, 59)(102, 53, 88, 24, 82, 87, 83, 105, 147, 8, 0, 60, 60, 81, 97, 85, 128, 149, 114, 15, 14, 117, 116, 117, 11, 83, 133, 64, 48, 51, 31, 98, 4, 68, 104, 65, 120, 115, 66)(59, 13, 44, 82, 40, 43, 40, 61, 103, 66, 60, 0, 6, 37, 54, 41, 85, 106, 70, 47, 48, 74, 72, 74, 49, 40, 89, 22, 93, 14, 32, 54, 63, 126, 162, 123, 178, 173, 124)(54, 17, 40, 83, 36, 39, 35, 57, 99, 66, 60, 6, 0, 33, 49, 37, 80, 102, 66, 47, 48, 69, 68, 69, 49, 35, 85, 17, 93, 17, 32, 50, 63, 126, 162, 123, 178, 173, 124)(22, 45, 7, 103, 41, 6, 3, 25, 67, 87, 81, 37, 33, 0, 19, 4, 48, 71, 35, 67, 69, 37, 36, 37, 70, 6, 52, 20, 113, 44, 52, 18, 84, 146, 182, 144, 199, 194, 145)(26, 61, 19, 120, 51, 21, 18, 28, 70, 103, 97, 54, 49, 19, 0, 19, 52, 59, 25, 84, 86, 41, 39, 41, 86, 19, 56, 36, 130, 60, 69, 22, 101, 163, 199, 160, 215, 210, 161)(20, 48, 5, 107, 44, 2, 1, 23, 64, 91, 85, 41, 37, 4, 19, 0, 46, 70, 33, 71, 73, 35, 33, 35, 74, 9, 50, 24, 117, 47, 56, 15, 88, 150, 186, 148, 203, 197, 149)(30, 92, 44, 151, 88, 48, 46, 29, 27, 134, 128, 85, 80, 48, 52, 46, 0, 80, 43, 115, 116, 19, 17, 19, 117, 51, 8, 67, 161, 91, 100, 33, 131, 194, 230, 191, 246, 241, 192)(63, 114, 68, 172, 75, 72, 70, 64, 98, 155, 149, 106, 102, 71, 59, 70, 80, 0, 38, 136, 138, 69, 67, 69, 138, 72, 84, 89, 180, 113, 121, 62, 153, 215, 251, 212, 267, 262, 214)(26, 78, 31, 136, 50, 35, 33, 27, 61, 120, 114, 70, 66, 35, 25, 33, 43, 38, 0, 100, 102, 32, 30, 32, 103, 36, 47, 53, 146, 77, 85, 25, 117, 180, 215, 177, 232, 227, 178)(89, 40, 74, 37, 68, 73, 70, 91, 133, 21, 15, 47, 47, 67, 84, 71, 115, 136, 100, 0, 3, 104, 102, 104, 4, 70, 119, 51, 49, 37, 17, 84, 18, 81, 117, 78, 133, 128, 79)(90, 42, 76, 36, 70, 75, 72, 93, 135, 20, 14, 48, 48, 69, 86, 73, 116, 138, 102, 3, 0, 106, 104, 106, 2, 71, 121, 53, 49, 39, 19, 86, 17, 79, 115, 77, 132, 127, 78)(19, 81, 33, 140, 77, 37, 35, 18, 36, 123, 117, 74, 69, 37, 41, 35, 19, 69, 32, 104, 106, 0, 2, 0, 106, 40, 23, 56, 150, 80, 89, 22, 121, 183, 219, 180, 235, 230, 182)(18, 79, 31, 138, 75, 35, 33, 16, 35, 122, 116, 72, 68, 36, 39, 33, 17, 67, 30, 102, 104, 2, 0, 2, 105, 38, 21, 55, 148, 78, 87, 21, 119, 181, 217, 179, 234, 228, 180)(19, 81, 33, 140, 77, 37, 35, 18, 36, 123, 117, 74, 69, 37, 41, 35, 19, 69, 32, 104, 106, 0, 2, 0, 106, 40, 23, 56, 150, 80, 89, 22, 121, 183, 219, 180, 235, 230, 182)(91, 42, 77, 34, 71, 76, 72, 94, 136, 17, 11, 49, 49, 70, 86, 74, 117, 138, 103, 4, 2, 106, 105, 106, 0, 72, 122, 54, 47, 40, 20, 87, 15, 77, 113, 74, 130, 124, 76)(25, 47, 11, 105, 43, 11, 7, 28, 69, 89, 83, 40, 35, 6, 19, 9, 51, 72, 36, 70, 71, 40, 38, 40, 72, 0, 55, 22, 116, 46, 55, 20, 86, 149, 185, 146, 201, 196, 147)(35, 96, 48, 155, 92, 52, 50, 33, 20, 138, 133, 89, 85, 52, 56, 50, 8, 84, 47, 119, 121, 23, 21, 23, 122, 55, 0, 72, 165, 95, 104, 37, 136, 198, 234, 195, 251, 245, 197)(41, 29, 27, 87, 21, 26, 22, 44, 86, 70, 64, 22, 17, 20, 36, 24, 67, 89, 53, 51, 53, 56, 55, 56, 54, 22, 72, 0, 97, 28, 36, 37, 68, 130, 166, 127, 183, 177, 129)(135, 86, 120, 65, 114, 119, 116, 137, 179, 48, 48, 93, 93, 113, 130, 117, 161, 180, 146, 49, 49, 150, 148, 150, 47, 116, 165, 97, 0, 83, 64, 130, 47, 108, 144, 105, 161, 155, 107)(65, 3, 51, 73, 46, 50, 46, 68, 110, 56, 51, 14, 17, 44, 60, 47, 91, 113, 77, 37, 39, 80, 78, 80, 40, 46, 95, 28, 83, 0, 22, 61, 54, 116, 152, 113, 169, 163, 115)(74, 25, 59, 53, 53, 58, 55, 76, 118, 36, 31, 32, 32, 52, 69, 56, 100, 121, 85, 17, 19, 89, 87, 89, 20, 55, 104, 36, 64, 22, 0, 69, 34, 96, 132, 93, 149, 143, 95)(7, 61, 13, 120, 57, 17, 15, 10, 52, 104, 98, 54, 50, 18, 22, 15, 33, 62, 25, 84, 86, 22, 21, 22, 87, 20, 37, 37, 130, 61, 69, 0, 101, 163, 199, 161, 216, 210, 162)(105, 57, 91, 21, 85, 90, 87, 108, 150, 5, 4, 63, 63, 84, 101, 88, 131, 153, 117, 18, 17, 121, 119, 121, 15, 86, 136, 68, 47, 54, 34, 101, 0, 65, 100, 62, 117, 112, 63)(168, 119, 153, 44, 147, 152, 149, 171, 212, 60, 68, 126, 126, 146, 163, 150, 194, 215, 180, 81, 79, 183, 181, 183, 77, 149, 198, 130, 108, 116, 96, 163, 65, 0, 56, 4, 72, 67, 3)(204, 155, 189, 81, 183, 188, 185, 206, 248, 96, 104, 162, 162, 182, 199, 186, 230, 251, 215, 117, 115, 219, 217, 219, 113, 185, 234, 166, 144, 152, 132, 199, 100, 56, 0, 59, 45, 40, 59)(165, 116, 151, 41, 145, 150, 146, 168, 210, 57, 65, 123, 123, 144, 160, 148, 191, 212, 177, 78, 77, 180, 179, 180, 74, 146, 195, 127, 105, 113, 93, 161, 62, 4, 59, 0, 75, 70, 2)(220, 171, 206, 97, 200, 205, 201, 223, 265, 113, 120, 178, 178, 199, 215, 203, 246, 267, 232, 133, 132, 235, 234, 235, 130, 201, 251, 183, 161, 169, 149, 216, 117, 72, 45, 75, 0, 6, 75)(215, 166, 200, 92, 194, 199, 196, 218, 259, 107, 115, 173, 173, 194, 210, 197, 241, 262, 227, 128, 127, 230, 228, 230, 124, 196, 245, 177, 155, 163, 143, 210, 112, 67, 40, 70, 6, 0, 70)(166, 118, 152, 43, 146, 151, 148, 169, 211, 59, 66, 124, 124, 145, 161, 149, 192, 214, 178, 79, 78, 182, 180, 182, 76, 147, 197, 129, 107, 115, 95, 162, 63, 3, 59, 2, 75, 70, 0)}{(0, 80, 21, 150, 75, 26, 24, 8, 59, 131, 123, 71, 66, 27, 31, 24, 37, 76, 31, 107, 109, 23, 21, 23, 110, 30, 42, 50, 163, 79, 89, 8, 127, 203, 246, 199, 266, 260, 201)(80, 0, 62, 92, 57, 61, 57, 83, 134, 72, 64, 15, 20, 54, 74, 58, 111, 137, 94, 48, 50, 98, 96, 98, 51, 57, 116, 35, 104, 3, 30, 74, 68, 144, 187, 140, 207, 201, 142)(21, 62, 0, 133, 57, 8, 6, 25, 75, 113, 106, 53, 48, 9, 23, 6, 53, 82, 38, 90, 92, 40, 38, 40, 93, 13, 58, 32, 145, 61, 72, 16, 110, 185, 229, 182, 249, 242, 184)(150, 92, 133, 0, 126, 132, 128, 154, 204, 20, 30, 100, 100, 125, 145, 129, 182, 208, 165, 45, 44, 169, 167, 169, 41, 127, 187, 105, 78, 88, 64, 145, 26, 53, 98, 50, 117, 111, 51)(75, 57, 57, 126, 0, 56, 52, 78, 129, 106, 99, 48, 43, 49, 62, 54, 106, 91, 61, 82, 85, 93, 91, 93, 86, 52, 111, 25, 138, 56, 64, 69, 103, 178, 221, 175, 241, 235, 176)(26, 61, 8, 132, 56, 0, 4, 30, 80, 112, 105, 52, 47, 7, 25, 2, 58, 87, 43, 88, 91, 45, 43, 45, 92, 13, 63, 31, 144, 60, 70, 21, 109, 184, 227, 181, 247, 241, 182)(24, 57, 6, 128, 52, 4, 0, 27, 78, 108, 101, 48, 43, 3, 22, 2, 55, 84, 40, 84, 86, 42, 40, 42, 87, 9, 61, 27, 140, 56, 66, 19, 105, 180, 223, 177, 243, 237, 178)(8, 83, 25, 154, 78, 30, 27, 0, 57, 134, 127, 74, 69, 30, 34, 27, 35, 77, 33, 110, 113, 21, 20, 21, 114, 33, 40, 53, 166, 82, 92, 12, 131, 206, 249, 203, 269, 263, 204)(59, 134, 75, 204, 129, 80, 78, 57, 0, 184, 177, 125, 119, 81, 85, 78, 33, 119, 74, 161, 163, 44, 42, 44, 164, 84, 24, 104, 217, 132, 143, 62, 181, 257, 300, 253, 320, 314, 255)(131, 72, 113, 20, 106, 112, 108, 134, 184, 0, 10, 80, 80, 105, 125, 109, 162, 188, 145, 25, 24, 149, 147, 149, 21, 108, 167, 85, 59, 68, 44, 125, 6, 73, 116, 69, 136, 130, 71)(123, 64, 106, 30, 99, 105, 101, 127, 177, 10, 0, 72, 73, 98, 117, 102, 155, 180, 138, 18, 17, 142, 140, 142, 14, 100, 160, 78, 58, 61, 37, 118, 4, 82, 125, 79, 145, 139, 80)(71, 15, 53, 100, 48, 52, 48, 74, 125, 80, 72, 0, 8, 45, 65, 50, 102, 129, 85, 56, 58, 89, 87, 89, 59, 48, 108, 26, 112, 16, 38, 66, 76, 152, 195, 149, 215, 209, 150)(66, 20, 48, 100, 43, 47, 43, 69, 119, 80, 73, 8, 0, 40, 60, 44, 97, 123, 80, 56, 58, 84, 82, 84, 59, 42, 102, 21, 112, 20, 38, 60, 77, 152, 195, 149, 215, 209, 150)(27, 54, 9, 125, 49, 7, 3, 30, 81, 105, 98, 45, 40, 0, 23, 5, 58, 86, 42, 81, 83, 45, 43, 45, 84, 7, 63, 24, 137, 53, 63, 21, 102, 177, 220, 174, 240, 234, 175)(31, 74, 23, 145, 62, 25, 22, 34, 85, 125, 117, 65, 60, 23, 0, 23, 62, 71, 30, 101, 103, 49, 47, 49, 104, 23, 68, 44, 157, 73, 83, 27, 121, 197, 240, 194, 260, 254, 195)(24, 58, 6, 129, 54, 2, 2, 27, 78, 109, 102, 50, 44, 5, 23, 0, 55, 84, 40, 86, 88, 42, 40, 42, 89, 10, 61, 29, 142, 57, 68, 19, 106, 182, 225, 178, 245, 238, 180)(37, 111, 53, 182, 106, 58, 55, 35, 33, 162, 155, 102, 97, 58, 62, 55, 0, 97, 52, 139, 141, 22, 21, 22, 142, 61, 10, 81, 194, 110, 120, 40, 159, 234, 277, 231, 297, 291, 232)(76, 137, 82, 208, 91, 87, 84, 77, 119, 188, 180, 129, 123, 86, 71, 84, 97, 0, 46, 164, 166, 83, 81, 83, 167, 87, 102, 108, 218, 136, 146, 75, 184, 260, 303, 257, 323, 317, 258)(31, 94, 38, 165, 61, 43, 40, 33, 74, 145, 138, 85, 80, 42, 30, 40, 52, 46, 0, 121, 123, 39, 37, 39, 124, 43, 57, 64, 177, 93, 103, 31, 142, 217, 260, 214, 280, 274, 215)(107, 48, 90, 45, 82, 88, 84, 110, 161, 25, 18, 56, 56, 81, 101, 86, 139, 164, 121, 0, 4, 125, 123, 125, 5, 84, 144, 62, 59, 45, 21, 102, 22, 98, 141, 94, 161, 154, 96)(109, 50, 92, 44, 85, 91, 86, 113, 163, 24, 17, 58, 58, 83, 103, 88, 141, 166, 123, 4, 0, 128, 126, 128, 3, 86, 146, 64, 59, 47, 23, 104, 21, 96, 139, 93, 159, 153, 94)(23, 98, 40, 169, 93, 45, 42, 21, 44, 149, 142, 89, 84, 45, 49, 42, 22, 83, 39, 125, 128, 0, 2, 0, 129, 48, 27, 68, 181, 97, 107, 27, 146, 221, 264, 218, 284, 278, 219)(21, 96, 38, 167, 91, 43, 40, 20, 42, 147, 140, 87, 82, 43, 47, 40, 21, 81, 37, 123, 126, 2, 0, 2, 127, 46, 25, 66, 179, 95, 105, 25, 144, 219, 262, 216, 282, 276, 217)(23, 98, 40, 169, 93, 45, 42, 21, 44, 149, 142, 89, 84, 45, 49, 42, 22, 83, 39, 125, 128, 0, 2, 0, 129, 48, 27, 68, 181, 97, 107, 27, 146, 221, 264, 218, 284, 278, 219)(110, 51, 93, 41, 86, 92, 87, 114, 164, 21, 14, 59, 59, 84, 104, 89, 142, 167, 124, 5, 3, 129, 127, 129, 0, 87, 147, 65, 56, 48, 24, 105, 18, 93, 137, 90, 157, 150, 91)(30, 57, 13, 127, 52, 13, 9, 33, 84, 108, 100, 48, 42, 7, 23, 10, 61, 87, 43, 84, 86, 48, 46, 48, 87, 0, 67, 27, 140, 55, 66, 25, 104, 180, 223, 176, 243, 237, 178)(42, 116, 58, 187, 111, 63, 61, 40, 24, 167, 160, 108, 102, 63, 68, 61, 10, 102, 57, 144, 146, 27, 25, 27, 147, 67, 0, 87, 199, 115, 126, 45, 164, 239, 283, 236, 303, 296, 238)(50, 35, 32, 105, 25, 31, 27, 53, 104, 85, 78, 26, 21, 24, 44, 29, 81, 108, 64, 62, 64, 68, 66, 68, 65, 27, 87, 0, 117, 34, 44, 44, 82, 157, 201, 154, 221, 214, 156)(163, 104, 145, 78, 138, 144, 140, 166, 217, 59, 58, 112, 112, 137, 157, 142, 194, 218, 177, 59, 59, 181, 179, 181, 56, 140, 199, 117, 0, 100, 77, 157, 57, 131, 174, 127, 194, 188, 129)(79, 3, 61, 88, 56, 60, 56, 82, 132, 68, 61, 16, 20, 53, 73, 57, 110, 136, 93, 45, 47, 97, 95, 97, 48, 55, 115, 34, 100, 0, 27, 73, 65, 140, 184, 137, 204, 197, 139)(89, 30, 72, 64, 64, 70, 66, 92, 143, 44, 37, 38, 38, 63, 83, 68, 120, 146, 103, 21, 23, 107, 105, 107, 24, 66, 126, 44, 77, 27, 0, 84, 41, 116, 160, 113, 180, 173, 114)(8, 74, 16, 145, 69, 21, 19, 12, 62, 125, 118, 66, 60, 21, 27, 19, 40, 75, 31, 102, 104, 27, 25, 27, 105, 25, 45, 44, 157, 73, 84, 0, 122, 197, 241, 194, 261, 254, 196)(127, 68, 110, 26, 103, 109, 105, 131, 181, 6, 4, 76, 77, 102, 121, 106, 159, 184, 142, 22, 21, 146, 144, 146, 18, 104, 164, 82, 57, 65, 41, 122, 0, 78, 121, 75, 141, 135, 76)(203, 144, 185, 53, 178, 184, 180, 206, 257, 73, 82, 152, 152, 177, 197, 182, 234, 260, 217, 98, 96, 221, 219, 221, 93, 180, 239, 157, 131, 140, 116, 197, 78, 0, 68, 5, 87, 81, 4)(246, 187, 229, 98, 221, 227, 223, 249, 300, 116, 125, 195, 195, 220, 240, 225, 277, 303, 260, 141, 139, 264, 262, 264, 137, 223, 283, 201, 174, 184, 160, 241, 121, 68, 0, 72, 55, 48, 71)(199, 140, 182, 50, 175, 181, 177, 203, 253, 69, 79, 149, 149, 174, 194, 178, 231, 257, 214, 94, 93, 218, 216, 218, 90, 176, 236, 154, 127, 137, 113, 194, 75, 5, 72, 0, 91, 85, 2)(266, 207, 249, 117, 241, 247, 243, 269, 320, 136, 145, 215, 215, 240, 260, 245, 297, 323, 280, 161, 159, 284, 282, 284, 157, 243, 303, 221, 194, 204, 180, 261, 141, 87, 55, 91, 0, 7, 90)(260, 201, 242, 111, 235, 241, 237, 263, 314, 130, 139, 209, 209, 234, 254, 238, 291, 317, 274, 154, 153, 278, 276, 278, 150, 237, 296, 214, 188, 197, 173, 254, 135, 81, 48, 85, 7, 0, 84)(201, 142, 184, 51, 176, 182, 178, 204, 255, 71, 80, 150, 150, 175, 195, 180, 232, 258, 215, 96, 94, 219, 217, 219, 91, 178, 238, 156, 129, 139, 114, 196, 76, 4, 71, 2, 90, 84, 0)}{(0, 80, 21, 150, 75, 26, 24, 8, 59, 131, 123, 71, 66, 27, 31, 24, 37, 76, 31, 107, 109, 23, 21, 23, 110, 30, 42, 50, 163, 79, 89, 8, 127, 203, 246, 199, 266, 260, 201)(80, 0, 62, 92, 57, 61, 57, 83, 134, 72, 64, 15, 20, 54, 74, 58, 111, 137, 94, 48, 50, 98, 96, 98, 51, 57, 116, 35, 104, 3, 30, 74, 68, 144, 187, 140, 207, 201, 142)(21, 62, 0, 133, 57, 8, 6, 25, 75, 113, 106, 53, 48, 9, 23, 6, 53, 82, 38, 90, 92, 40, 38, 40, 93, 13, 58, 32, 145, 61, 72, 16, 110, 185, 229, 182, 249, 242, 184)(150, 92, 133, 0, 126, 132, 128, 154, 204, 20, 30, 100, 100, 125, 145, 129, 182, 208, 165, 45, 44, 169, 167, 169, 41, 127, 187, 105, 78, 88, 64, 145, 26, 53, 98, 50, 117, 111, 51)(75, 57, 57, 126, 0, 56, 52, 78, 129, 106, 99, 48, 43, 49, 62, 54, 106, 91, 61, 82, 85, 93, 91, 93, 86, 52, 111, 25, 138, 56, 64, 69, 103, 178, 221, 175, 241, 235, 176)(26, 61, 8, 132, 56, 0, 4, 30, 80, 112, 105, 52, 47, 7, 25, 2, 58, 87, 43, 88, 91, 45, 43, 45, 92, 13, 63, 31, 144, 60, 70, 21, 109, 184, 227, 181, 247, 241, 182)(24, 57, 6, 128, 52, 4, 0, 27, 78, 108, 101, 48, 43, 3, 22, 2, 55, 84, 40, 84, 86, 42, 40, 42, 87, 9, 61, 27, 140, 56, 66, 19, 105, 180, 223, 177, 243, 237, 178)(8, 83, 25, 154, 78, 30, 27, 0, 57, 134, 127, 74, 69, 30, 34, 27, 35, 77, 33, 110, 113, 21, 20, 21, 114, 33, 40, 53, 166, 82, 92, 12, 131, 206, 249, 203, 269, 263, 204)(59, 134, 75, 204, 129, 80, 78, 57, 0, 184, 177, 125, 119, 81, 85, 78, 33, 119, 74, 161, 163, 44, 42, 44, 164, 84, 24, 104, 217, 132, 143, 62, 181, 257, 300, 253, 320, 314, 255)(131, 72, 113, 20, 106, 112, 108, 134, 184, 0, 10, 80, 80, 105, 125, 109, 162, 188, 145, 25, 24, 149, 147, 149, 21, 108, 167, 85, 59, 68, 44, 125, 6, 73, 116, 69, 136, 130, 71)(123, 64, 106, 30, 99, 105, 101, 127, 177, 10, 0, 72, 73, 98, 117, 102, 155, 180, 138, 18, 17, 142, 140, 142, 14, 100, 160, 78, 58, 61, 37, 118, 4, 82, 125, 79, 145, 139, 80)(71, 15, 53, 100, 48, 52, 48, 74, 125, 80, 72, 0, 8, 45, 65, 50, 102, 129, 85, 56, 58, 89, 87, 89, 59, 48, 108, 26, 112, 16, 38, 66, 76, 152, 195, 149, 215, 209, 150)(66, 20, 48, 100, 43, 47, 43, 69, 119, 80, 73, 8, 0, 40, 60, 44, 97, 123, 80, 56, 58, 84, 82, 84, 59, 42, 102, 21, 112, 20, 38, 60, 77, 152, 195, 149, 215, 209, 150)(27, 54, 9, 125, 49, 7, 3, 30, 81, 105, 98, 45, 40, 0, 23, 5, 58, 86, 42, 81, 83, 45, 43, 45, 84, 7, 63, 24, 137, 53, 63, 21, 102, 177, 220, 174, 240, 234, 175)(31, 74, 23, 145, 62, 25, 22, 34, 85, 125, 117, 65, 60, 23, 0, 23, 62, 71, 30, 101, 103, 49, 47, 49, 104, 23, 68, 44, 157, 73, 83, 27, 121, 197, 240, 194, 260, 254, 195)(24, 58, 6, 129, 54, 2, 2, 27, 78, 109, 102, 50, 44, 5, 23, 0, 55, 84, 40, 86, 88, 42, 40, 42, 89, 10, 61, 29, 142, 57, 68, 19, 106, 182, 225, 178, 245, 238, 180)(37, 111, 53, 182, 106, 58, 55, 35, 33, 162, 155, 102, 97, 58, 62, 55, 0, 97, 52, 139, 141, 22, 21, 22, 142, 61, 10, 81, 194, 110, 120, 40, 159, 234, 277, 231, 297, 291, 232)(76, 137, 82, 208, 91, 87, 84, 77, 119, 188, 180, 129, 123, 86, 71, 84, 97, 0, 46, 164, 166, 83, 81, 83, 167, 87, 102, 108, 218, 136, 146, 75, 184, 260, 303, 257, 323, 317, 258)(31, 94, 38, 165, 61, 43, 40, 33, 74, 145, 138, 85, 80, 42, 30, 40, 52, 46, 0, 121, 123, 39, 37, 39, 124, 43, 57, 64, 177, 93, 103, 31, 142, 217, 260, 214, 280, 274, 215)(107, 48, 90, 45, 82, 88, 84, 110, 161, 25, 18, 56, 56, 81, 101, 86, 139, 164, 121, 0, 4, 125, 123, 125, 5, 84, 144, 62, 59, 45, 21, 102, 22, 98, 141, 94, 161, 154, 96)(109, 50, 92, 44, 85, 91, 86, 113, 163, 24, 17, 58, 58, 83, 103, 88, 141, 166, 123, 4, 0, 128, 126, 128, 3, 86, 146, 64, 59, 47, 23, 104, 21, 96, 139, 93, 159, 153, 94)(23, 98, 40, 169, 93, 45, 42, 21, 44, 149, 142, 89, 84, 45, 49, 42, 22, 83, 39, 125, 128, 0, 2, 0, 129, 48, 27, 68, 181, 97, 107, 27, 146, 221, 264, 218, 284, 278, 219)(21, 96, 38, 167, 91, 43, 40, 20, 42, 147, 140, 87, 82, 43, 47, 40, 21, 81, 37, 123, 126, 2, 0, 2, 127, 46, 25, 66, 179, 95, 105, 25, 144, 219, 262, 216, 282, 276, 217)(23, 98, 40, 169, 93, 45, 42, 21, 44, 149, 142, 89, 84, 45, 49, 42, 22, 83, 39, 125, 128, 0, 2, 0, 129, 48, 27, 68, 181, 97, 107, 27, 146, 221, 264, 218, 284, 278, 219)(110, 51, 93, 41, 86, 92, 87, 114, 164, 21, 14, 59, 59, 84, 104, 89, 142, 167, 124, 5, 3, 129, 127, 129, 0, 87, 147, 65, 56, 48, 24, 105, 18, 93, 137, 90, 157, 150, 91)(30, 57, 13, 127, 52, 13, 9, 33, 84, 108, 100, 48, 42, 7, 23, 10, 61, 87, 43, 84, 86, 48, 46, 48, 87, 0, 67, 27, 140, 55, 66, 25, 104, 180, 223, 176, 243, 237, 178)(42, 116, 58, 187, 111, 63, 61, 40, 24, 167, 160, 108, 102, 63, 68, 61, 10, 102, 57, 144, 146, 27, 25, 27, 147, 67, 0, 87, 199, 115, 126, 45, 164, 239, 283, 236, 303, 296, 238)(50, 35, 32, 105, 25, 31, 27, 53, 104, 85, 78, 26, 21, 24, 44, 29, 81, 108, 64, 62, 64, 68, 66, 68, 65, 27, 87, 0, 117, 34, 44, 44, 82, 157, 201, 154, 221, 214, 156)(163, 104, 145, 78, 138, 144, 140, 166, 217, 59, 58, 112, 112, 137, 157, 142, 194, 218, 177, 59, 59, 181, 179, 181, 56, 140, 199, 117, 0, 100, 77, 157, 57, 131, 174, 127, 194, 188, 129)(79, 3, 61, 88, 56, 60, 56, 82, 132, 68, 61, 16, 20, 53, 73, 57, 110, 136, 93, 45, 47, 97, 95, 97, 48, 55, 115, 34, 100, 0, 27, 73, 65, 140, 184, 137, 204, 197, 139)(89, 30, 72, 64, 64, 70, 66, 92, 143, 44, 37, 38, 38, 63, 83, 68, 120, 146, 103, 21, 23, 107, 105, 107, 24, 66, 126, 44, 77, 27, 0, 84, 41, 116, 160, 113, 180, 173, 114)(8, 74, 16, 145, 69, 21, 19, 12, 62, 125, 118, 66, 60, 21, 27, 19, 40, 75, 31, 102, 104, 27, 25, 27, 105, 25, 45, 44, 157, 73, 84, 0, 122, 197, 241, 194, 261, 254, 196)(127, 68, 110, 26, 103, 109, 105, 131, 181, 6, 4, 76, 77, 102, 121, 106, 159, 184, 142, 22, 21, 146, 144, 146, 18, 104, 164, 82, 57, 65, 41, 122, 0, 78, 121, 75, 141, 135, 76)(203, 144, 185, 53, 178, 184, 180, 206, 257, 73, 82, 152, 152, 177, 197, 182, 234, 260, 217, 98, 96, 221, 219, 221, 93, 180, 239, 157, 131, 140, 116, 197, 78, 0, 68, 5, 87, 81, 4)(246, 187, 229, 98, 221, 227, 